610.916	608.036	332.757	222.972	0.29372	0.0990863
611.16	608.271	332.837	223.005	0.28425	0.0990625
611.127	608.238	332.814	223.018	0.284167	0.0990655
611.131	608.24	332.813	223.018	0.284183	0.0990651
611.12	608.231	332.812	223.02	0.284184	0.0990667
611.122	608.233	332.812	223.021	0.284185	0.0990664
611.123	608.233	332.812	223.02	0.284186	0.0990664
611.121	608.232	332.812	223.021	0.284184	0.0990666
611.123	608.233	332.813	223.02	0.284187	0.0990663
611.12	608.231	332.812	223.021	0.284183	0.0990667
611.123	608.233	332.813	223.02	0.284186	0.0990663
611.12	608.23	332.812	223.021	0.284183	0.0990668
611.122	608.232	332.812	223.02	0.284185	0.0990665
611.121	608.231	332.812	223.02	0.284184	0.0990666
611.123	608.233	332.813	223.02	0.284186	0.0990663
611.12	608.23	332.812	223.021	0.284183	0.0990668
611.122	608.232	332.812	223.02	0.284185	0.0990664
611.122	608.233	332.812	223.02	0.284186	0.0990664
611.12	608.231	332.812	223.02	0.284183	0.0990667
611.122	608.233	332.812	223.02	0.284187	0.0990664
611.121	608.232	332.812	223.02	0.284185	0.0990665
756176
6

122
