%YAML:1.0
---
calibration_time: "sáb 17 mar 2018 21:21:21 -05"
nr_of_frames: 49
image_width: 640
image_height: 480
board_width: 4
board_height: 11
square_size: 35.
# flags: +zero_tangent_dist +fix_k4 +fix_k5
flags: 6152
fisheye_model: 0
camera_matrix: !!opencv-matrix
   rows: 3
   cols: 3
   dt: d
   data: [ 6.1091575056823558e+02, 0., 3.3275660969394676e+02, 0.,
       6.0803571506596802e+02, 2.2297154161761037e+02, 0., 0., 1. ]
distortion_coefficients: !!opencv-matrix
   rows: 5
   cols: 1
   dt: d
   data: [ 7.7105732520810367e-03, 1.0299065098218868e-01, 0., 0.,
       -2.2870580887050146e-01 ]
avg_reprojection_error: 2.9371961231133537e-01
per_view_reprojection_errors: !!opencv-matrix
   rows: 49
   cols: 1
   dt: f
   data: [ 1.00268416e-01, 1.52875647e-01, 1.30175412e-01,
       1.80124402e-01, 1.45713657e-01, 1.06155425e-01, 1.54498369e-01,
       1.62958220e-01, 1.66324884e-01, 2.23214760e-01, 4.50146258e-01,
       1.77041233e-01, 3.26705754e-01, 1.77866712e-01, 1.49401337e-01,
       2.47567654e-01, 1.81788296e-01, 1.42729610e-01, 2.12888211e-01,
       3.79944026e-01, 1.60807297e-01, 3.26655626e-01, 3.43199790e-01,
       1.47308215e-01, 2.21562505e-01, 2.55112410e-01, 2.46792704e-01,
       2.32367605e-01, 1.63240269e-01, 1.66331962e-01, 1.63098171e-01,
       2.51873076e-01, 4.57268864e-01, 6.68397427e-01, 5.33468902e-01,
       3.03591967e-01, 2.98691452e-01, 1.87680334e-01, 2.30786160e-01,
       3.30428809e-01, 2.32462436e-01, 3.45734656e-01, 2.83468753e-01,
       6.59114778e-01, 4.04342502e-01, 3.89112800e-01, 3.23574543e-01,
       4.25436407e-01, 1.76283285e-01 ]
# a set of 6-tuples (rotation vector + translation vector) for each view
extrinsic_parameters: !!opencv-matrix
   rows: 49
   cols: 6
   dt: d
   data: [ 1.4756172401756645e-01, 1.1094347044769484e-01,
       1.7924554274595741e+00, 8.6587588095709066e+01,
       -7.2736578240394877e+01, 2.7702140208742553e+03,
       -1.6977172020759112e-02, 1.9676159072747529e-01,
       1.7771735206234760e+00, 5.6632245873089040e+01,
       -3.9268333523518663e+02, 2.7691755121412652e+03,
       -4.3459669534817952e-01, 5.3229727073560988e-02,
       1.6421439447373440e+00, 6.1607110801112221e+01,
       2.4292239827187132e+02, 2.6423506010609099e+03,
       1.8922317962552684e-02, -2.8473428400919770e-01,
       1.2689526451885911e+00, -3.7411080215461351e+02,
       5.2259401025855175e+02, 2.6652965974994645e+03,
       -1.6623093013469484e-01, 1.3480804643300823e-01,
       1.8081149398138150e+00, -8.9202940960743547e+02,
       6.0641051200576794e+02, 2.6673838090588374e+03,
       -2.9425749317711336e-01, -5.4972624146863901e-02,
       1.1008554777732382e+00, -8.2935959379757401e+02,
       -5.1371098205017302e+02, 2.7785156807541384e+03,
       -3.9161055876623002e-01, -4.8768007583307887e-01,
       1.6561980711833630e+00, -9.4302975571004231e+02,
       -8.8994369676723329e+02, 2.8403723990279373e+03,
       -5.8301601581288109e-01, 3.7873980378868644e-01,
       1.5390737982958709e+00, 6.1375616134527388e+02,
       6.8403906116483336e+02, 2.6051985267266432e+03,
       2.3447683130988042e-01, 2.5912568676172631e-01,
       2.0032791768175988e+00, 1.1936117238630191e+03,
       5.6050034359816266e+02, 2.6469879354148075e+03,
       -1.2644980218721361e-01, -8.3404305549468497e-02,
       1.5722416377634039e+00, 1.0634061736220563e+03,
       -7.9332723924114973e+01, 2.6330285162453883e+03,
       -8.0397339764288159e-02, 2.0489116791180409e-01,
       1.7196370092579214e+00, 1.2171772716818064e+03,
       -7.5155816297921717e+02, 2.8336193553878416e+03,
       -4.7140235853109080e-01, 1.7683148315891484e-01,
       1.5888625539976318e+00, 4.6162539813929777e+02,
       1.5422078716083459e+02, 2.5372838629385838e+03,
       -8.8017736927217649e-02, -1.0007944563360192e-01,
       1.3765762087590392e+00, 1.0320168995571896e+03,
       -3.5992426949097728e+02, 2.8671614481823603e+03,
       -2.0844748294403481e-01, -3.9827339746214496e-01,
       1.6805790657547093e+00, 2.4370876086764935e+02,
       -6.5450136501202564e+02, 2.2920303903193480e+03,
       -3.3735734946622725e-01, 2.5375691136592778e-02,
       1.1170438347081968e+00, 2.2807665648432396e+02,
       1.9615651682681616e+02, 2.1104467433967816e+03,
       -1.1951181388724159e-01, -3.5826289312109372e-01,
       1.5840306261693049e+00, -5.8861144200300782e+02,
       4.9699750088530357e+02, 2.3410675523335804e+03,
       8.4714217934000191e-02, -8.4244941509586668e-01,
       1.3264530630015041e+00, -8.9379651137871906e+02,
       -6.7990367720631411e+02, 2.3904606966784972e+03,
       3.9557428782981754e-03, 1.9066510886131949e-01,
       1.6527258889752250e+00, 9.9892745498118882e+02,
       3.3075428075048353e+02, 2.2478418656562653e+03,
       -9.4141393058559134e-02, -5.6641968336987147e-01,
       1.5600083436238630e+00, 7.3850178538171258e+02,
       -6.0843799491808079e+02, 2.3174877852018835e+03,
       -1.3778560028981568e-01, -4.3277235669779740e-01,
       1.5525909408494500e+00, 1.9638435105466425e+02,
       -6.4754997732911278e+01, 1.5047900427840495e+03,
       1.6420323879824217e-01, 2.7076726056999273e-01,
       1.7130678613858890e+00, 7.0690835505473785e+02,
       2.8427482996715469e+02, 1.5554175802741693e+03,
       3.0198171496253055e-02, 3.6196350844467415e-02,
       1.6529711038135309e+00, 7.1403333532030399e+02,
       -3.7352818415771713e+02, 1.5966931715532867e+03,
       -4.5630400690588596e-01, -6.6754826714978210e-01,
       1.1237946436557606e+00, -2.1477554594786844e+02,
       -5.3990207935086676e+02, 1.6150473569121709e+03,
       -1.8919554522402848e-01, 2.0772320754156776e-01,
       1.1759128344651626e+00, -3.6632072212421156e+02,
       1.4050446927414899e+02, 1.5365332604059370e+03,
       -2.0389934981128216e-01, 1.3418081541033758e-01,
       1.7460940672774476e+00, 7.2660801325579575e+02,
       -1.2792304733154931e+02, 1.5902694597452125e+03,
       1.2410944557534043e-01, -1.0075070375129755e-03,
       1.3699408872501737e+00, 5.3647413956990908e+02,
       6.8694042930579243e+01, 1.5350801542414490e+03,
       -1.9429629483405256e-01, -2.1886574473340598e-01,
       1.5210493020020257e+00, 9.1900525834594191e+01,
       5.5561270812097248e+01, 1.5433925697233160e+03,
       2.3916476659010749e-01, -1.2722775676094544e-01,
       1.6586533333052880e+00, -9.9081508539370745e+01,
       2.4938228723771152e+02, 1.6436338743676829e+03,
       1.2625999775911659e-01, 1.6336830401285113e-02,
       1.2278603286888401e+00, -5.8272895989326264e+02,
       -2.0405163327750282e+02, 1.7751214471394894e+03,
       1.3421381107725036e-01, -5.0761952052251952e-02,
       1.4237108399368772e+00, -4.8213176258838450e+02,
       -5.1356462424037568e+02, 1.8141851699074084e+03,
       -4.3141824562040804e-01, 1.2264014187766466e-01,
       1.9939498216483140e+00, -2.4554061685427442e+00,
       -1.2881179568431116e+02, 1.6764856608438615e+03,
       3.9459384951806115e-01, -1.9670102837551404e-01,
       1.3893056863618263e+00, 2.9212719464785232e+02,
       -1.5237265165223900e+02, 1.4496831864870580e+03,
       -4.5671313611642728e-01, 1.3542680489224757e-01,
       1.4510239262236551e+00, 3.2870408663996152e+01,
       -1.8404913081515483e+02, 1.1047629826872417e+03,
       -5.0285560515788874e-01, -2.5234228628758748e-01,
       1.2947605893517526e+00, 4.7040380619464983e+01,
       -1.3075679571279730e+02, 1.1070280162384563e+03,
       -3.7395506241642662e-01, -1.0616453449581073e-01,
       1.4462528531321694e+00, 1.6807330275035912e+02,
       1.0453270245949628e+02, 1.0608135732982123e+03,
       -8.9422955572301857e-02, -3.3200745242774299e-01,
       1.9541032507017553e+00, 1.2969363028275632e+02,
       1.2857257373017691e+02, 1.1342606617851900e+03,
       -2.2235267013440535e-01, 4.0796387178594673e-01,
       1.7633451770052373e+00, 1.6453337064348307e+02,
       -2.2867374301785500e+02, 1.1589988302156555e+03,
       -6.4225954998590087e-02, -1.0318048408196516e-01,
       1.3005183113493388e+00, 2.3654489155021432e+02,
       -3.9265819619728552e+02, 1.1471918945010837e+03,
       -2.3780929992256961e-01, 2.1483104595796448e-03,
       1.1345444634396289e+00, -6.6286765962562427e+01,
       -2.6730377812480970e+02, 1.1740374385133709e+03,
       1.3567180177998761e-01, 1.1045440419951402e-01,
       1.9299574205019465e+00, -4.2083785196328712e+01,
       -1.7641289147450766e+02, 1.0035023310716033e+03,
       6.0545506691450042e-02, -5.3553616373823087e-01,
       1.1740909837217812e+00, 3.8302667552919650e+02,
       -3.3123170899334724e+02, 1.2209974620999283e+03,
       -4.3192356897909046e-01, 4.5622278624398283e-01,
       1.4963785256380002e+00, 4.3650715854894264e+02,
       -4.2641001953723270e+02, 1.2870404864069826e+03,
       -1.9956600334108704e-01, 5.1039346336849787e-03,
       1.7103125149708758e+00, 4.9719472024766185e+02,
       -5.8306552619151027e+01, 1.0282009614104606e+03,
       -3.8192776672986378e-01, -2.6920643283014639e-01,
       1.6100991322074603e+00, 2.0238260381324997e+02,
       -3.0181453650137605e+01, 9.9629478621042358e+02,
       3.7874504102633516e-02, -3.3437754960443328e-01,
       1.5978764029621748e+00, 1.5450869326238757e+02,
       6.1847317143063670e+01, 8.9411053157587128e+02,
       -1.8909065769601821e-01, 2.4475580685690868e-01,
       1.7579126149153139e+00, 4.2292664532513123e+02,
       1.5591966528716503e+01, 9.9511013844315607e+02,
       -4.1661123590573568e-01, -1.6295931117694543e-01,
       1.4047991029787332e+00, -1.6138402568279805e+01,
       2.4604918434463926e+01, 9.8827606154772070e+02,
       -2.4262761158547075e-01, -2.9276960540338970e-01,
       1.3181928624701564e+00, -1.2317184011803592e+02,
       -2.6392673379511670e+01, 1.0047220683437375e+03,
       -2.2445770312284955e-02, 4.0597821151649678e-02,
       1.5283102536311901e+00, 2.7649459605077578e+02,
       -4.0208507636838777e+02, 1.2802585030885298e+03 ]
image_points: !!opencv-matrix
   rows: 49
   cols: 44
   dt: "2f"
   data: [ 3.51974304e+02, 2.07031601e+02, 3.48366364e+02,
       2.21990219e+02, 3.44913849e+02, 2.36873749e+02, 3.41518768e+02,
       2.51814407e+02, 3.42729950e+02, 2.12715942e+02, 3.39242218e+02,
       2.27687057e+02, 3.35776215e+02, 2.42601227e+02, 3.32452850e+02,
       2.57514130e+02, 3.37026276e+02, 2.03654449e+02, 3.33551727e+02,
       2.18552551e+02, 3.30201233e+02, 2.33426559e+02, 3.26788635e+02,
       2.48396927e+02, 3.28006683e+02, 2.09402191e+02, 3.24506927e+02,
       2.24287506e+02, 3.21063690e+02, 2.39137985e+02, 3.17730591e+02,
       2.53995178e+02, 3.22276917e+02, 2.00304916e+02, 3.18935272e+02,
       2.15210922e+02, 3.15520691e+02, 2.29885056e+02, 3.12122925e+02,
       2.44786270e+02, 3.13304047e+02, 2.05976181e+02, 3.09925232e+02,
       2.20734222e+02, 3.06552002e+02, 2.35603409e+02, 3.03065582e+02,
       2.50497238e+02, 3.07603271e+02, 1.96983002e+02, 3.04281189e+02,
       2.11768311e+02, 3.01043274e+02, 2.26533813e+02, 2.97573792e+02,
       2.41374084e+02, 2.98646057e+02, 2.02691010e+02, 2.95441986e+02,
       2.17447266e+02, 2.92123993e+02, 2.32300964e+02, 2.88812866e+02,
       2.47115540e+02, 2.93004852e+02, 1.93773880e+02, 2.89695343e+02,
       2.08421631e+02, 2.86481812e+02, 2.23119492e+02, 2.83249847e+02,
       2.37886795e+02, 2.84137115e+02, 1.99491287e+02, 2.80801758e+02,
       2.13975861e+02, 2.77618988e+02, 2.28773422e+02, 2.74419617e+02,
       2.43426086e+02, 2.78493378e+02, 1.90510910e+02, 2.75231720e+02,
       2.05120987e+02, 2.72040680e+02, 2.19666672e+02, 2.68785675e+02,
       2.34369400e+02, 3.45234894e+02, 1.36754227e+02, 3.41890900e+02,
       1.51398727e+02, 3.38639282e+02, 1.66108154e+02, 3.35348907e+02,
       1.81000549e+02, 3.36073456e+02, 1.42679077e+02, 3.32771759e+02,
       1.57231247e+02, 3.29439667e+02, 1.72108047e+02, 3.26027252e+02,
       1.87077484e+02, 3.30215454e+02, 1.34014969e+02, 3.26817413e+02,
       1.48538696e+02, 3.23578918e+02, 1.63266632e+02, 3.20231140e+02,
       1.78159790e+02, 3.21132599e+02, 1.39874191e+02, 3.17702393e+02,
       1.54436798e+02, 3.14404877e+02, 1.69272888e+02, 3.10999481e+02,
       1.84044006e+02, 3.15348999e+02, 1.31134323e+02, 3.11927887e+02,
       1.45774368e+02, 3.08563446e+02, 1.60405563e+02, 3.05209747e+02,
       1.75137207e+02, 3.06219910e+02, 1.36994736e+02, 3.02833618e+02,
       1.51631485e+02, 2.99475861e+02, 1.66260941e+02, 2.95989838e+02,
       1.81043289e+02, 3.00578613e+02, 1.28407440e+02, 2.97130432e+02,
       1.42943634e+02, 2.93712708e+02, 1.57563690e+02, 2.90232483e+02,
       1.72196457e+02, 2.90974030e+02, 1.33491837e+02, 2.88055511e+02,
       1.48776230e+02, 2.84533844e+02, 1.63443481e+02, 2.81111206e+02,
       1.78201950e+02, 2.85910919e+02, 1.25804138e+02, 2.82429260e+02,
       1.40129913e+02, 2.78870300e+02, 1.54596176e+02, 2.75440430e+02,
       1.69322357e+02, 2.76924072e+02, 1.31420135e+02, 2.73326691e+02,
       1.45854370e+02, 2.69769775e+02, 1.60477203e+02, 2.66272552e+02,
       1.75142838e+02, 2.71293732e+02, 1.22919525e+02, 2.67660736e+02,
       1.37191589e+02, 2.64210327e+02, 1.51751373e+02, 2.60576324e+02,
       1.66320160e+02, 3.47155426e+02, 2.78832947e+02, 3.46410706e+02,
       2.94882385e+02, 3.45509033e+02, 3.10853729e+02, 3.44751892e+02,
       3.27182770e+02, 3.38714783e+02, 2.86015778e+02, 3.37965393e+02,
       3.01927429e+02, 3.37022919e+02, 3.18186859e+02, 3.36181030e+02,
       3.34977600e+02, 3.31455780e+02, 2.77350983e+02, 3.30414642e+02,
       2.93124146e+02, 3.29407532e+02, 3.09225891e+02, 3.28625061e+02,
       3.25947296e+02, 3.22892975e+02, 2.84232025e+02, 3.21860687e+02,
       3.00247986e+02, 3.20815308e+02, 3.16810791e+02, 3.19961395e+02,
       3.33456360e+02, 3.15429382e+02, 2.75381470e+02, 3.14380829e+02,
       2.91487000e+02, 3.13333099e+02, 3.07754608e+02, 3.12326385e+02,
       3.24313202e+02, 3.06935486e+02, 2.82546448e+02, 3.05618286e+02,
       2.98741821e+02, 3.04618042e+02, 3.15159515e+02, 3.03520111e+02,
       3.32073120e+02, 2.99415710e+02, 2.73666260e+02, 2.98231354e+02,
       2.89842224e+02, 2.96940674e+02, 3.06090607e+02, 2.95765289e+02,
       3.22837372e+02, 2.90583130e+02, 2.80818024e+02, 2.89424103e+02,
       2.96918579e+02, 2.88091553e+02, 3.13757324e+02, 2.86986420e+02,
       3.30707428e+02, 2.83353149e+02, 2.71852570e+02, 2.81747284e+02,
       2.87935303e+02, 2.80519348e+02, 3.04575684e+02, 2.79123199e+02,
       3.21352386e+02, 2.74484039e+02, 2.78913605e+02, 2.72825806e+02,
       2.95330841e+02, 2.71492767e+02, 3.11940643e+02, 2.70055298e+02,
       3.29162842e+02, 2.66857544e+02, 2.69848022e+02, 2.65465149e+02,
       2.86217590e+02, 2.63800903e+02, 3.02791534e+02, 2.62449188e+02,
       3.19775726e+02, 2.47330582e+02, 3.42323944e+02, 2.51631882e+02,
       3.56769531e+02, 2.56392883e+02, 3.70840393e+02, 2.60878357e+02,
       3.84550598e+02, 2.41646042e+02, 3.52163422e+02, 2.46336761e+02,
       3.66276215e+02, 2.50977798e+02, 3.80201721e+02, 2.55705582e+02,
       3.94249908e+02, 2.31548599e+02, 3.47725281e+02, 2.36180176e+02,
       3.61948242e+02, 2.41082184e+02, 3.75916504e+02, 2.45746140e+02,
       3.89818542e+02, 2.26245743e+02, 3.57336975e+02, 2.30745758e+02,
       3.71522827e+02, 2.35667374e+02, 3.85625122e+02, 2.40617584e+02,
       3.99478516e+02, 2.15739212e+02, 3.52923950e+02, 2.20678940e+02,
       3.67332733e+02, 2.25524811e+02, 3.81171143e+02, 2.30404251e+02,
       3.95170349e+02, 2.10326691e+02, 3.62640503e+02, 2.15167480e+02,
       3.77035400e+02, 2.20383820e+02, 3.91035339e+02, 2.25133560e+02,
       4.05089813e+02, 2.00056961e+02, 3.58342743e+02, 2.05059845e+02,
       3.72749115e+02, 2.09967758e+02, 3.86533295e+02, 2.15002853e+02,
       4.00775085e+02, 1.94415787e+02, 3.68147552e+02, 1.99551804e+02,
       3.82373840e+02, 2.04756683e+02, 3.96669495e+02, 2.09737930e+02,
       4.10630432e+02, 1.84061157e+02, 3.63962891e+02, 1.89017303e+02,
       3.78070282e+02, 1.94205032e+02, 3.92300598e+02, 1.99508530e+02,
       4.06425171e+02, 1.78586212e+02, 3.73771881e+02, 1.83863403e+02,
       3.88179657e+02, 1.89029831e+02, 4.02242645e+02, 1.94271164e+02,
       4.16252380e+02, 1.67798950e+02, 3.69374542e+02, 1.73153625e+02,
       3.83804413e+02, 1.78409363e+02, 3.98029175e+02, 1.83961624e+02,
       4.12394165e+02, 1.27777306e+02, 3.61686157e+02, 1.22748734e+02,
       3.77716492e+02, 1.18036285e+02, 3.94012329e+02, 1.12919502e+02,
       4.10433167e+02, 1.17522697e+02, 3.67707153e+02, 1.12616722e+02,
       3.83744324e+02, 1.07517433e+02, 4.00336517e+02, 1.02224869e+02,
       4.16676819e+02, 1.12216957e+02, 3.57937256e+02, 1.07065086e+02,
       3.73880127e+02, 1.02175987e+02, 3.89961121e+02, 9.70474777e+01,
       4.06635864e+02, 1.01703835e+02, 3.64012543e+02, 9.68994904e+01,
       3.79949615e+02, 9.17931976e+01, 3.96230560e+02, 8.63889923e+01,
       4.12903229e+02, 9.64220276e+01, 3.53904236e+02, 9.14323883e+01,
       3.70107422e+02, 8.63546753e+01, 3.86139282e+02, 8.11870346e+01,
       4.02687164e+02, 8.61104126e+01, 3.59933197e+02, 8.10568085e+01,
       3.76229034e+02, 7.59359894e+01, 3.92299713e+02, 7.04338074e+01,
       4.09095490e+02, 8.05896988e+01, 3.50211914e+02, 7.56935349e+01,
       3.66167725e+02, 7.06670151e+01, 3.82415009e+02, 6.51733932e+01,
       3.98614075e+02, 7.04585724e+01, 3.56214203e+02, 6.52392120e+01,
       3.72162598e+02, 5.99665680e+01, 3.88721008e+02, 5.45082626e+01,
       4.05026947e+02, 6.50486908e+01, 3.46499115e+02, 5.98870163e+01,
       3.62280304e+02, 5.47425003e+01, 3.78408020e+02, 4.94824829e+01,
       3.94870453e+02, 5.46531029e+01, 3.52536316e+02, 4.94865608e+01,
       3.68357788e+02, 4.40250092e+01, 3.84744629e+02, 3.85674553e+01,
       4.01206055e+02, 4.93415947e+01, 3.42592773e+02, 4.40056839e+01,
       3.58583527e+02, 3.87432976e+01, 3.74574127e+02, 3.31738739e+01,
       3.91034302e+02, 1.50006363e+02, 1.10295891e+02, 1.56767075e+02,
       1.23665459e+02, 1.63334671e+02, 1.36921844e+02, 1.70014603e+02,
       1.50451797e+02, 1.46010422e+02, 1.19799995e+02, 1.52545975e+02,
       1.33296799e+02, 1.59200943e+02, 1.46725784e+02, 1.66106613e+02,
       1.60353363e+02, 1.35251144e+02, 1.16108276e+02, 1.41974594e+02,
       1.29433609e+02, 1.48538544e+02, 1.42995117e+02, 1.55289688e+02,
       1.56638931e+02, 1.31060165e+02, 1.25595657e+02, 1.37594559e+02,
       1.39241486e+02, 1.44424805e+02, 1.52744339e+02, 1.51236816e+02,
       1.66534927e+02, 1.20234032e+02, 1.21860695e+02, 1.27021942e+02,
       1.35378387e+02, 1.33615677e+02, 1.48882874e+02, 1.40310577e+02,
       1.62603760e+02, 1.16045021e+02, 1.31429916e+02, 1.22577072e+02,
       1.45171051e+02, 1.29336426e+02, 1.58750046e+02, 1.36227188e+02,
       1.72633774e+02, 1.05037903e+02, 1.27711563e+02, 1.11820839e+02,
       1.41288940e+02, 1.18509987e+02, 1.55063705e+02, 1.25106697e+02,
       1.68902954e+02, 1.00742279e+02, 1.37422897e+02, 1.07396156e+02,
       1.51244370e+02, 1.14022079e+02, 1.65022720e+02, 1.20968712e+02,
       1.78979965e+02, 8.97009201e+01, 1.33675079e+02, 9.63231049e+01,
       1.47333298e+02, 1.03099129e+02, 1.61190735e+02, 1.09780647e+02,
       1.75177490e+02, 8.53392029e+01, 1.43350616e+02, 9.18229218e+01,
       1.57256317e+02, 9.85315323e+01, 1.71164398e+02, 1.05420502e+02,
       1.85275772e+02, 7.40541916e+01, 1.39472198e+02, 8.05689621e+01,
       1.53227951e+02, 8.74218216e+01, 1.67250778e+02, 9.42365952e+01,
       1.81452896e+02, 1.29180649e+02, 3.18275299e+01, 1.27289192e+02,
       4.68431053e+01, 1.25240250e+02, 6.16512871e+01, 1.23317307e+02,
       7.65675049e+01, 1.20280647e+02, 3.71648712e+01, 1.18569183e+02,
       5.22619591e+01, 1.16449425e+02, 6.73534927e+01, 1.14622345e+02,
       8.25033112e+01, 1.13429504e+02, 2.76200466e+01, 1.11375526e+02,
       4.27751961e+01, 1.09526520e+02, 5.78713112e+01, 1.07457153e+02,
       7.33175278e+01, 1.04282410e+02, 3.28999481e+01, 1.02360649e+02,
       4.81120071e+01, 1.00476189e+02, 6.35401917e+01, 9.85466232e+01,
       7.89525223e+01, 9.73713455e+01, 2.31284370e+01, 9.52502823e+01,
       3.84858894e+01, 9.32359390e+01, 5.37771339e+01, 9.15010300e+01,
       6.94704285e+01, 8.81217422e+01, 2.87511711e+01, 8.59648666e+01,
       4.41296349e+01, 8.38906174e+01, 5.95565758e+01, 8.21221237e+01,
       7.52744904e+01, 8.07811203e+01, 1.87945518e+01, 7.87115860e+01,
       3.44274864e+01, 7.66959991e+01, 5.00053749e+01, 7.45997086e+01,
       6.55310669e+01, 7.11875763e+01, 2.43344822e+01, 6.91624680e+01,
       4.00782127e+01, 6.72824478e+01, 5.58779335e+01, 6.53145599e+01,
       7.15889511e+01, 6.39641647e+01, 1.42702188e+01, 6.16494217e+01,
       2.98110409e+01, 5.95259094e+01, 4.59638062e+01, 5.77509537e+01,
       6.17883720e+01, 5.40657501e+01, 1.97402153e+01, 5.21270981e+01,
       3.56039658e+01, 5.00305328e+01, 5.17554512e+01, 4.79970703e+01,
       6.77316360e+01, 4.66867752e+01, 9.37499332e+00, 4.42569809e+01,
       2.55428047e+01, 4.20989456e+01, 4.14617996e+01, 4.02899437e+01,
       5.77617950e+01, 4.77009064e+02, 3.83065277e+02, 4.79560944e+02,
       3.99003235e+02, 4.82252258e+02, 4.15678955e+02, 4.85071655e+02,
       4.32928802e+02, 4.70298309e+02, 3.90845337e+02, 4.72772766e+02,
       4.07075562e+02, 4.75347870e+02, 4.24208313e+02, 4.78055847e+02,
       4.41717804e+02, 4.61115387e+02, 3.82614990e+02, 4.63456268e+02,
       3.98548096e+02, 4.65755035e+02, 4.15384521e+02, 4.68136108e+02,
       4.32704285e+02, 4.54289001e+02, 3.90180939e+02, 4.56266602e+02,
       4.06630432e+02, 4.58514252e+02, 4.23814697e+02, 4.61107056e+02,
       4.41338501e+02, 4.45182617e+02, 3.82043823e+02, 4.46934326e+02,
       3.98070679e+02, 4.49105743e+02, 4.15043182e+02, 4.51471680e+02,
       4.32220947e+02, 4.37748199e+02, 3.89547943e+02, 4.39809235e+02,
       4.06327179e+02, 4.41905090e+02, 4.23231262e+02, 4.44051086e+02,
       4.40975525e+02, 4.28775818e+02, 3.81254242e+02, 4.30605072e+02,
       3.97656525e+02, 4.32434814e+02, 4.14504822e+02, 4.34393280e+02,
       4.31781616e+02, 4.21627258e+02, 3.89120544e+02, 4.23130737e+02,
       4.05803040e+02, 4.25048920e+02, 4.22855133e+02, 4.27156189e+02,
       4.40690155e+02, 4.12689606e+02, 3.80707123e+02, 4.14082520e+02,
       3.97173370e+02, 4.15722595e+02, 4.13890778e+02, 4.17472534e+02,
       4.31501190e+02, 4.05251923e+02, 3.88530640e+02, 4.06650665e+02,
       4.04971039e+02, 4.08031006e+02, 4.22334717e+02, 4.09929077e+02,
       4.40351715e+02, 3.96591522e+02, 3.80016724e+02, 3.97773132e+02,
       3.96262573e+02, 3.98912842e+02, 4.13368347e+02, 4.00591003e+02,
       4.31018677e+02, 6.09723083e+02, 3.52367249e+02, 6.02333008e+02,
       3.66878967e+02, 5.95100647e+02, 3.81005798e+02, 5.87592102e+02,
       3.95501465e+02, 5.97971008e+02, 3.55583405e+02, 5.90658081e+02,
       3.70008942e+02, 5.83402954e+02, 3.84220398e+02, 5.75811584e+02,
       3.98617767e+02, 5.93366455e+02, 3.44410645e+02, 5.86408325e+02,
       3.58835724e+02, 5.79031616e+02, 3.73112000e+02, 5.71858765e+02,
       3.87267853e+02, 5.81904724e+02, 3.47585510e+02, 5.74906616e+02,
       3.61859467e+02, 5.67601501e+02, 3.76252380e+02, 5.60431824e+02,
       3.90388794e+02, 5.77720947e+02, 3.36864594e+02, 5.70588745e+02,
       3.50794037e+02, 5.63375793e+02, 3.65136810e+02, 5.56359009e+02,
       3.79370880e+02, 5.66270630e+02, 3.40173096e+02, 5.59300293e+02,
       3.54026764e+02, 5.52085327e+02, 3.68179993e+02, 5.45079712e+02,
       3.82426514e+02, 5.62175476e+02, 3.29272461e+02, 5.54927429e+02,
       3.43330902e+02, 5.47997009e+02, 3.57199341e+02, 5.41054871e+02,
       3.71328796e+02, 5.50910645e+02, 3.32487274e+02, 5.44047791e+02,
       3.46485535e+02, 5.36821960e+02, 3.60542145e+02, 5.29918579e+02,
       3.74500488e+02, 5.46730164e+02, 3.21996307e+02, 5.39672485e+02,
       3.35634491e+02, 5.32878235e+02, 3.49712067e+02, 5.26125916e+02,
       3.63763794e+02, 5.35743286e+02, 3.25351074e+02, 5.28885376e+02,
       3.38856171e+02, 5.21757874e+02, 3.52910889e+02, 5.15125671e+02,
       3.67023407e+02, 5.31608643e+02, 3.14590698e+02, 5.24672852e+02,
       3.28486115e+02, 5.17982056e+02, 3.42186340e+02, 5.11292389e+02,
       3.56223114e+02, 5.80585327e+02, 2.04981277e+02, 5.80557556e+02,
       2.20938629e+02, 5.80661804e+02, 2.36862808e+02, 5.80734192e+02,
       2.53200577e+02, 5.72606079e+02, 2.12664719e+02, 5.72713928e+02,
       2.28809738e+02, 5.72692139e+02, 2.44968613e+02, 5.72850037e+02,
       2.61351959e+02, 5.65015137e+02, 2.04789124e+02, 5.65015442e+02,
       2.20755722e+02, 5.65017334e+02, 2.36688782e+02, 5.65309998e+02,
       2.53294739e+02, 5.57247742e+02, 2.12539536e+02, 5.57121948e+02,
       2.28766495e+02, 5.57382019e+02, 2.45060791e+02, 5.57533569e+02,
       2.61447998e+02, 5.49192932e+02, 2.04225082e+02, 5.49335083e+02,
       2.20702774e+02, 5.49224121e+02, 2.36653671e+02, 5.49627991e+02,
       2.53243454e+02, 5.41564270e+02, 2.12382767e+02, 5.41636353e+02,
       2.28745544e+02, 5.41755493e+02, 2.45053497e+02, 5.42028076e+02,
       2.61600952e+02, 5.33610962e+02, 2.04180878e+02, 5.33517822e+02,
       2.20545135e+02, 5.33591736e+02, 2.36700409e+02, 5.33862366e+02,
       2.53262314e+02, 5.25869629e+02, 2.12307648e+02, 5.25924744e+02,
       2.28539871e+02, 5.26140564e+02, 2.45130569e+02, 5.26562317e+02,
       2.61787598e+02, 5.17924316e+02, 2.03868271e+02, 5.17834106e+02,
       2.20417679e+02, 5.18023438e+02, 2.36596344e+02, 5.18302979e+02,
       2.53442474e+02, 5.10076141e+02, 2.12025406e+02, 5.10102753e+02,
       2.28547974e+02, 5.10285065e+02, 2.45046173e+02, 5.10793610e+02,
       2.61904327e+02, 5.02389465e+02, 2.03594559e+02, 5.02470032e+02,
       2.20282135e+02, 5.02519470e+02, 2.36579239e+02, 5.02613739e+02,
       2.53456375e+02, 5.96608704e+02, 6.10796432e+01, 5.95449219e+02,
       7.50426712e+01, 5.93744019e+02, 8.91666336e+01, 5.92475281e+02,
       1.03567192e+02, 5.88038391e+02, 6.71776657e+01, 5.86662109e+02,
       8.10913544e+01, 5.85051331e+02, 9.54153442e+01, 5.83615417e+02,
       1.09943161e+02, 5.81033569e+02, 5.92827873e+01, 5.79512268e+02,
       7.32968597e+01, 5.77998169e+02, 8.73799057e+01, 5.76512634e+02,
       1.01648277e+02, 5.70480286e+02, 6.31978226e+01, 5.71026611e+02,
       7.93164749e+01, 5.69383850e+02, 9.36769257e+01, 5.68042908e+02,
       1.07867943e+02, 5.65483887e+02, 5.75322685e+01, 5.63851868e+02,
       7.14318466e+01, 5.62409241e+02, 8.56186066e+01, 5.60690125e+02,
       9.97560501e+01, 5.56925415e+02, 6.35515594e+01, 5.55251404e+02,
       7.75463791e+01, 5.53841553e+02, 9.17531891e+01, 5.52144348e+02,
       1.06027527e+02, 5.50111755e+02, 5.58541145e+01, 5.48349976e+02,
       6.96845322e+01, 5.46851807e+02, 8.37337418e+01, 5.45173767e+02,
       9.78524323e+01, 5.41527161e+02, 6.18694801e+01, 5.39753174e+02,
       7.57381287e+01, 5.38326111e+02, 8.98693008e+01, 5.36581970e+02,
       1.04010315e+02, 5.34677856e+02, 5.41352158e+01, 5.32993347e+02,
       6.79264832e+01, 5.31230042e+02, 8.18635178e+01, 5.29703247e+02,
       9.59075012e+01, 5.26343872e+02, 5.99346809e+01, 5.24491089e+02,
       7.37779694e+01, 5.22896790e+02, 8.78965912e+01, 5.21160889e+02,
       1.01991158e+02, 5.19470947e+02, 5.21313362e+01, 5.17754822e+02,
       6.58017426e+01, 5.15972351e+02, 7.98798065e+01, 5.14446045e+02,
       9.38710861e+01, 4.44066528e+02, 2.60066833e+02, 4.45302673e+02,
       2.75842224e+02, 4.46294189e+02, 2.92173676e+02, 4.47413330e+02,
       3.08652161e+02, 4.36458679e+02, 2.67266357e+02, 4.37426971e+02,
       2.83409821e+02, 4.38395142e+02, 2.99772705e+02, 4.39703156e+02,
       3.16918945e+02, 4.27988678e+02, 2.58977753e+02, 4.28723267e+02,
       2.74703369e+02, 4.29654297e+02, 2.90929474e+02, 4.30704407e+02,
       3.07902039e+02, 4.20012878e+02, 2.66085999e+02, 4.20950958e+02,
       2.82226044e+02, 4.21766907e+02, 2.98920990e+02, 4.22754883e+02,
       3.16064270e+02, 4.11613678e+02, 2.57485901e+02, 4.12384125e+02,
       2.73643127e+02, 4.12921448e+02, 2.89953491e+02, 4.13859741e+02,
       3.06965424e+02, 4.03678833e+02, 2.65065247e+02, 4.04173553e+02,
       2.81101196e+02, 4.04904602e+02, 2.97815582e+02, 4.05967072e+02,
       3.14891296e+02, 3.95231049e+02, 2.56371796e+02, 3.95486938e+02,
       2.72357788e+02, 3.96102509e+02, 2.89007385e+02, 3.96982635e+02,
       3.05750366e+02, 3.86998718e+02, 2.63556030e+02, 3.87428864e+02,
       2.80069916e+02, 3.88137421e+02, 2.96686157e+02, 3.88756165e+02,
       3.14018005e+02, 3.78619598e+02, 2.54875732e+02, 3.78894104e+02,
       2.71231293e+02, 3.79329803e+02, 2.87653229e+02, 3.79817017e+02,
       3.04823395e+02, 3.70557770e+02, 2.62384674e+02, 3.70586182e+02,
       2.78550385e+02, 3.70906006e+02, 2.95646423e+02, 3.71402588e+02,
       3.13064270e+02, 3.62027893e+02, 2.53509369e+02, 3.62148956e+02,
       2.69566498e+02, 3.62266052e+02, 2.86485291e+02, 3.62513611e+02,
       3.03603149e+02, 5.53462769e+02, 1.46467636e+02, 5.56126465e+02,
       1.61223267e+02, 5.58811646e+02, 1.75701263e+02, 5.61458130e+02,
       1.90362442e+02, 5.47680359e+02, 1.55037979e+02, 5.50366333e+02,
       1.69733627e+02, 5.53084534e+02, 1.84438263e+02, 5.55925354e+02,
       1.99078629e+02, 5.39213257e+02, 1.49181671e+02, 5.41979370e+02,
       1.63805222e+02, 5.44662415e+02, 1.78430466e+02, 5.47470337e+02,
       1.93210739e+02, 5.33418152e+02, 1.57838150e+02, 5.35199768e+02,
       1.71772278e+02, 5.38929077e+02, 1.87174515e+02, 5.41735107e+02,
       2.01882706e+02, 5.25009644e+02, 1.51748001e+02, 5.27856689e+02,
       1.66602112e+02, 5.30341248e+02, 1.81194641e+02, 5.33861633e+02,
       1.94785675e+02, 5.19429749e+02, 1.60663132e+02, 5.21920593e+02,
       1.75166168e+02, 5.24728027e+02, 1.89952042e+02, 5.27553040e+02,
       2.04808060e+02, 5.10904816e+02, 1.54519867e+02, 5.13556396e+02,
       1.69330444e+02, 5.16302307e+02, 1.84060394e+02, 5.19075439e+02,
       1.98656815e+02, 5.05158234e+02, 1.63255112e+02, 5.07837677e+02,
       1.77886215e+02, 5.10706024e+02, 1.92806854e+02, 5.13754883e+02,
       2.07572159e+02, 4.96779083e+02, 1.57299149e+02, 4.99439331e+02,
       1.71952850e+02, 5.02115051e+02, 1.86745438e+02, 5.04996918e+02,
       2.01497665e+02, 4.91469147e+02, 1.65166092e+02, 4.93706482e+02,
       1.80644135e+02, 4.96552948e+02, 1.95493225e+02, 4.99403687e+02,
       2.10393600e+02, 4.82409821e+02, 1.59787552e+02, 4.85235748e+02,
       1.74663666e+02, 488., 1.89500031e+02, 4.90802094e+02,
       2.04317200e+02, 3.98074402e+02, 4.92078781e+01, 3.95020599e+02,
       6.79933701e+01, 3.91939026e+02, 8.63616486e+01, 3.88900330e+02,
       1.04886421e+02, 3.88208496e+02, 5.64863968e+01, 3.85039612e+02,
       7.53134232e+01, 3.82065155e+02, 9.40930862e+01, 3.79145203e+02,
       1.12723495e+02, 3.81147705e+02, 4.52149582e+01, 3.78052979e+02,
       6.41561127e+01, 3.74964966e+02, 8.29341431e+01, 3.72020905e+02,
       1.01639282e+02, 3.71179474e+02, 5.27004814e+01, 3.68115692e+02,
       7.15634766e+01, 3.65157898e+02, 9.06185837e+01, 3.62306763e+02,
       1.09567009e+02, 3.64259338e+02, 4.10794983e+01, 3.61170685e+02,
       6.02959824e+01, 3.58146637e+02, 7.92873840e+01, 3.55394012e+02,
       9.82338333e+01, 3.53823914e+02, 4.86340027e+01, 3.50726746e+02,
       6.78502579e+01, 3.47951416e+02, 8.69872284e+01, 3.45094543e+02,
       1.06149559e+02, 3.46739899e+02, 3.68004150e+01, 3.43628540e+02,
       5.61884842e+01, 3.40674438e+02, 7.55674057e+01, 3.37839813e+02,
       9.48539200e+01, 3.36076721e+02, 4.43660965e+01, 3.33199188e+02,
       6.38452721e+01, 3.30511322e+02, 8.34137421e+01, 3.27639313e+02,
       1.02892670e+02, 3.28861023e+02, 3.23798180e+01, 3.25858063e+02,
       5.20928192e+01, 3.22863525e+02, 7.15620193e+01, 3.20136475e+02,
       9.13261414e+01, 3.18197235e+02, 3.99648285e+01, 3.15299957e+02,
       5.98910789e+01, 3.12540253e+02, 7.96162415e+01, 3.09829956e+02,
       9.92341003e+01, 3.10764557e+02, 2.78177223e+01, 3.07818390e+02,
       4.76498070e+01, 3.04930054e+02, 6.77280579e+01, 3.02051056e+02,
       8.76183701e+01, 3.98909088e+02, 2.79553864e+02, 4.08437317e+02,
       2.97618347e+02, 4.17936432e+02, 3.15867035e+02, 4.27800751e+02,
       3.34588043e+02, 3.94868958e+02, 2.92838409e+02, 4.04239960e+02,
       3.11002472e+02, 4.13908661e+02, 3.29745392e+02, 4.23794067e+02,
       3.48725769e+02, 3.81348236e+02, 2.88136658e+02, 3.90609528e+02,
       3.06331299e+02, 4.00146332e+02, 3.24844788e+02, 4.10024933e+02,
       3.43879211e+02, 3.77049438e+02, 3.01624084e+02, 3.86355957e+02,
       3.19927185e+02, 3.96117981e+02, 3.38903717e+02, 4.05939850e+02,
       3.57987671e+02, 3.63409424e+02, 2.96604126e+02, 3.72812073e+02,
       3.15141571e+02, 3.82203857e+02, 3.33940216e+02, 3.92015778e+02,
       3.53035980e+02, 3.59071625e+02, 3.10316925e+02, 3.68354675e+02,
       3.29014557e+02, 3.78036865e+02, 3.48115875e+02, 3.87786896e+02,
       3.67653381e+02, 3.45420074e+02, 3.05446625e+02, 3.54721741e+02,
       3.24172302e+02, 3.64169189e+02, 3.43139435e+02, 3.73752014e+02,
       3.62514832e+02, 3.40866119e+02, 3.19198029e+02, 3.50087158e+02,
       3.38131165e+02, 3.59724792e+02, 3.57609589e+02, 3.69550690e+02,
       3.77365601e+02, 3.27020966e+02, 3.14333160e+02, 3.36275787e+02,
       3.33275848e+02, 3.45653046e+02, 3.52506439e+02, 3.55291016e+02,
       3.72265686e+02, 3.22373993e+02, 3.28303223e+02, 3.31604309e+02,
       3.47456360e+02, 3.41077423e+02, 3.67068298e+02, 3.50785126e+02,
       3.87151215e+02, 3.08348419e+02, 3.23210907e+02, 3.17642029e+02,
       3.42516571e+02, 3.26983185e+02, 3.62081207e+02, 3.36550232e+02,
       3.82067230e+02, 1.78952927e+02, 3.52858734e+02, 1.78638367e+02,
       3.70006805e+02, 1.78251953e+02, 3.86921997e+02, 1.77961304e+02,
       4.04114655e+02, 1.69180115e+02, 3.61854950e+02, 1.68751205e+02,
       3.79156738e+02, 1.68621902e+02, 3.96009216e+02, 1.68237869e+02,
       4.13362030e+02, 1.59931854e+02, 3.53663940e+02, 1.59616699e+02,
       3.71082062e+02, 1.59329529e+02, 3.88258789e+02, 1.59126633e+02,
       4.05618958e+02, 1.49998428e+02, 3.62760712e+02, 1.49574554e+02,
       3.80217194e+02, 1.49504990e+02, 3.97586426e+02, 1.49241806e+02,
       4.15023682e+02, 1.40428360e+02, 3.54616119e+02, 1.40315506e+02,
       3.72272064e+02, 1.39817947e+02, 3.89580841e+02, 1.40060043e+02,
       4.07186157e+02, 1.30315063e+02, 3.63925262e+02, 1.30200546e+02,
       3.81612213e+02, 1.30176544e+02, 3.99039734e+02, 1.30127106e+02,
       4.16912994e+02, 1.20660400e+02, 3.55749390e+02, 1.20427895e+02,
       3.73606018e+02, 1.20347115e+02, 3.91183502e+02, 1.20092133e+02,
       4.09021027e+02, 1.10329918e+02, 3.65046204e+02, 1.10104851e+02,
       3.83023743e+02, 1.10273102e+02, 4.00963165e+02, 1.10301216e+02,
       4.18783386e+02, 1.00402153e+02, 3.56649261e+02, 1.00205017e+02,
       3.74536255e+02, 1.00263809e+02, 3.92534607e+02, 1.00389526e+02,
       4.10788147e+02, 9.00597458e+01, 3.66555511e+02, 8.99663315e+01,
       3.84610840e+02, 9.00747299e+01, 4.02834869e+02, 9.04503326e+01,
       4.20757721e+02, 7.96562347e+01, 3.57829102e+02, 7.96979523e+01,
       3.76403503e+02, 7.96278076e+01, 3.94444763e+02, 7.99838257e+01,
       4.12749573e+02, 1.03681404e+02, 4.95154190e+01, 1.07330719e+02,
       6.69395065e+01, 1.11179794e+02, 8.32475433e+01, 1.14986206e+02,
       9.94375305e+01, 9.61169205e+01, 5.96038361e+01, 1.00298996e+02,
       7.65390320e+01, 1.03934181e+02, 9.28950577e+01, 1.07858925e+02,
       1.09301460e+02, 8.47809525e+01, 5.23761215e+01, 8.89990082e+01,
       6.98322296e+01, 9.30782394e+01, 8.64119492e+01, 9.71454086e+01,
       1.02852875e+02, 7.74715805e+01, 6.26157150e+01, 8.17393036e+01,
       7.95390396e+01, 8.60184250e+01, 9.63986282e+01, 9.02069168e+01,
       1.12606133e+02, 6.55636292e+01, 5.54279213e+01, 7.02804413e+01,
       7.31789093e+01, 7.45065536e+01, 8.97269135e+01, 7.92606049e+01,
       1.06485992e+02, 5.82325401e+01, 6.59542160e+01, 6.29593353e+01,
       8.30905914e+01, 6.77105484e+01, 9.99875870e+01, 7.21058197e+01,
       1.16298607e+02, 4.60344734e+01, 5.86342850e+01, 5.10426445e+01,
       7.62876511e+01, 5.59246712e+01, 9.32167664e+01, 6.05380096e+01,
       1.10001549e+02, 3.86676254e+01, 6.92714081e+01, 4.38040466e+01,
       8.65555420e+01, 4.88494377e+01, 1.03729370e+02, 5.36223564e+01,
       1.20017593e+02, 2.59767742e+01, 6.19990311e+01, 3.14277134e+01,
       7.96676407e+01, 3.65824738e+01, 9.68778915e+01, 4.19536858e+01,
       1.13716408e+02, 1.86496391e+01, 7.27355423e+01, 2.42054310e+01,
       9.02374420e+01, 2.95663128e+01, 1.07280769e+02, 3.48688850e+01,
       1.23903877e+02, 5.72084999e+00, 6.54719162e+01, 1.14422855e+01,
       8.34472961e+01, 1.70328846e+01, 1.00787857e+02, 2.26100883e+01,
       1.17789803e+02, 6.05250488e+02, 3.12753723e+02, 6.04790588e+02,
       3.32047821e+02, 6.03884094e+02, 3.51335846e+02, 6.03153198e+02,
       3.70846771e+02, 5.94809021e+02, 3.21411865e+02, 5.94213806e+02,
       3.40615326e+02, 5.93297791e+02, 3.60082672e+02, 5.92409973e+02,
       3.79794220e+02, 5.85350159e+02, 3.11047119e+02, 5.84493225e+02,
       3.29886414e+02, 5.83763184e+02, 3.49226105e+02, 5.82760498e+02,
       3.68822601e+02, 5.74948120e+02, 3.19641815e+02, 5.74063416e+02,
       3.38368561e+02, 5.73214966e+02, 3.57828552e+02, 5.72251526e+02,
       3.77385345e+02, 5.65520264e+02, 3.09067780e+02, 5.64610657e+02,
       3.28077850e+02, 5.63617737e+02, 3.47075439e+02, 5.62793396e+02,
       3.66611176e+02, 5.55171143e+02, 3.17476135e+02, 5.54197144e+02,
       3.36546783e+02, 5.53285767e+02, 3.55822601e+02, 5.52354065e+02,
       3.75375854e+02, 5.45750305e+02, 3.07385651e+02, 5.44863464e+02,
       3.26083588e+02, 5.43890930e+02, 3.45093506e+02, 5.42828979e+02,
       3.64581848e+02, 5.35655029e+02, 3.15827576e+02, 5.34505737e+02,
       3.34644501e+02, 5.33361633e+02, 3.53770508e+02, 5.32456360e+02,
       3.73238342e+02, 5.26342834e+02, 3.05490448e+02, 5.25281616e+02,
       3.24131592e+02, 5.24169006e+02, 3.43011658e+02, 5.23296326e+02,
       3.62335541e+02, 5.16264526e+02, 3.13938110e+02, 5.15029480e+02,
       3.32520996e+02, 5.13888367e+02, 3.51698364e+02, 5.12707642e+02,
       3.70987396e+02, 5.07093628e+02, 3.03741699e+02, 5.06000305e+02,
       3.22443726e+02, 5.04797455e+02, 3.41077728e+02, 5.03689636e+02,
       3.60183838e+02, 5.28402344e+02, 6.29185448e+01, 5.25052734e+02,
       8.17599869e+01, 5.21665588e+02, 1.00138649e+02, 5.18533203e+02,
       1.18440826e+02, 5.19070190e+02, 7.17797089e+01, 5.15885315e+02,
       9.06306381e+01, 5.12573120e+02, 1.08954636e+02, 5.09498566e+02,
       1.27184303e+02, 5.13367249e+02, 6.18412399e+01, 5.10097809e+02,
       8.06518097e+01, 5.06813080e+02, 9.92009201e+01, 5.03659546e+02,
       1.17905151e+02, 5.04083069e+02, 7.05872650e+01, 5.00763275e+02,
       8.93863525e+01, 4.97786499e+02, 1.08254326e+02, 4.94826141e+02,
       1.26704796e+02, 4.98125122e+02, 6.02363968e+01, 4.94921448e+02,
       7.97050858e+01, 4.91641113e+02, 9.84296951e+01, 4.88906464e+02,
       1.17193352e+02, 4.88826416e+02, 6.93470764e+01, 4.85584412e+02,
       8.86877060e+01, 4.82670349e+02, 1.07372986e+02, 4.79954590e+02,
       1.26294556e+02, 4.82539795e+02, 5.89529190e+01, 4.79463531e+02,
       7.84841003e+01, 4.76568878e+02, 9.78173981e+01, 4.73681122e+02,
       1.16497337e+02, 4.73208649e+02, 6.80967026e+01, 4.70114227e+02,
       8.74713669e+01, 4.67375946e+02, 1.06833893e+02, 4.64553162e+02,
       1.25813240e+02, 4.66766724e+02, 5.75233078e+01, 4.63809448e+02,
       7.72164459e+01, 4.60898468e+02, 9.68321609e+01, 4.58230560e+02,
       1.16032455e+02, 4.57446960e+02, 6.66272202e+01, 4.54541565e+02,
       8.65078278e+01, 4.51651367e+02, 1.06074806e+02, 4.49190582e+02,
       1.25375496e+02, 4.50898407e+02, 5.60732384e+01, 4.48044678e+02,
       7.62305145e+01, 4.45245789e+02, 9.58651276e+01, 4.42600159e+02,
       1.15531967e+02, 4.13143494e+02, 1.97362045e+02, 4.10994873e+02,
       2.24978455e+02, 4.08938049e+02, 2.51937775e+02, 4.07201385e+02,
       2.78720062e+02, 3.99173492e+02, 2.11303146e+02, 3.97187195e+02,
       2.38913834e+02, 3.95375000e+02, 2.65978699e+02, 3.94022064e+02,
       2.92758667e+02, 3.87279724e+02, 1.97627090e+02, 3.85254364e+02,
       2.25512741e+02, 3.83325256e+02, 2.52905472e+02, 3.82019257e+02,
       2.80138733e+02, 3.72902405e+02, 2.11810471e+02, 3.71214325e+02,
       2.39700439e+02, 3.69664459e+02, 2.67441071e+02, 3.68808258e+02,
       2.94893890e+02, 3.60428406e+02, 1.97622284e+02, 3.58867523e+02,
       2.26440399e+02, 3.57105774e+02, 2.54117599e+02, 3.56225677e+02,
       2.82107056e+02, 3.45885254e+02, 2.12228928e+02, 3.44367737e+02,
       2.40767197e+02, 3.43299561e+02, 2.68886261e+02, 3.42556732e+02,
       2.97137512e+02, 3.32938690e+02, 1.97975769e+02, 3.31366180e+02,
       2.27041351e+02, 3.30166931e+02, 2.55540939e+02, 3.29334717e+02,
       2.84069366e+02, 3.17963806e+02, 2.12840805e+02, 3.16800598e+02,
       2.41830276e+02, 3.15985870e+02, 2.70789764e+02, 3.15633759e+02,
       2.99438995e+02, 3.04332916e+02, 1.98300980e+02, 3.03092407e+02,
       2.27847351e+02, 3.02185242e+02, 2.57118042e+02, 3.01800507e+02,
       2.86127930e+02, 2.89386658e+02, 2.13449127e+02, 2.88243042e+02,
       2.43136383e+02, 2.87644409e+02, 2.72314087e+02, 2.87734985e+02,
       3.01845276e+02, 2.75022278e+02, 1.98654099e+02, 2.74190796e+02,
       2.29103729e+02, 2.73555969e+02, 2.58681671e+02, 2.73346344e+02,
       2.88406830e+02, 6.11823547e+02, 3.34497681e+02, 6.08043213e+02,
       3.62092285e+02, 6.04209900e+02, 3.89543091e+02, 6.00095093e+02,
       4.17462219e+02, 5.95022461e+02, 3.45363403e+02, 5.91144287e+02,
       3.72655243e+02, 5.87173157e+02, 4.00241486e+02, 5.83181152e+02,
       4.28137939e+02, 5.82200073e+02, 3.29323242e+02, 5.78328125e+02,
       3.56310150e+02, 5.74545105e+02, 3.83385986e+02, 5.70478455e+02,
       4.11028503e+02, 5.65824158e+02, 3.40078033e+02, 5.61918762e+02,
       3.66827881e+02, 5.57967529e+02, 3.94067871e+02, 5.54044495e+02,
       4.21502869e+02, 5.53331726e+02, 3.24055237e+02, 5.49475586e+02,
       3.50907867e+02, 5.45606384e+02, 3.77527863e+02, 5.41808167e+02,
       4.04623108e+02, 5.37290100e+02, 3.34793640e+02, 5.33447876e+02,
       3.61256866e+02, 5.29625916e+02, 3.88055267e+02, 5.25622986e+02,
       4.15112061e+02, 5.25244690e+02, 3.19114410e+02, 5.21395508e+02,
       3.45450806e+02, 5.17651062e+02, 3.71953156e+02, 5.13683167e+02,
       3.98521729e+02, 5.09566589e+02, 3.29792999e+02, 5.05806244e+02,
       3.55789246e+02, 5.01854828e+02, 3.82277954e+02, 4.98039642e+02,
       4.08888428e+02, 4.97903290e+02, 3.14441833e+02, 4.94105133e+02,
       3.40180481e+02, 4.90195740e+02, 3.66350739e+02, 4.86407776e+02,
       3.92714233e+02, 4.82610748e+02, 3.24831665e+02, 4.78745300e+02,
       3.50637787e+02, 4.74828125e+02, 3.76611298e+02, 4.71144562e+02,
       4.02861725e+02, 4.71205322e+02, 3.09690125e+02, 4.67394196e+02,
       3.35370483e+02, 4.63543945e+02, 3.60947632e+02, 4.59643951e+02,
       3.87113586e+02, 6.07820740e+02, 8.04459076e+01, 6.05100525e+02,
       1.07096382e+02, 6.02747742e+02, 1.33271469e+02, 6.00665710e+02,
       1.59613892e+02, 5.92488159e+02, 9.27690735e+01, 5.90099060e+02,
       1.19188560e+02, 5.87715027e+02, 1.45534592e+02, 5.85621521e+02,
       1.71981003e+02, 5.80102417e+02, 7.86033020e+01, 5.77548889e+02,
       1.05029076e+02, 5.75088928e+02, 1.31400818e+02, 5.73074280e+02,
       1.57961380e+02, 5.64992065e+02, 9.07709656e+01, 5.62543030e+02,
       1.17155899e+02, 5.60305603e+02, 1.43845108e+02, 5.58514587e+02,
       1.70224319e+02, 5.52788452e+02, 7.64516830e+01, 5.50139282e+02,
       1.03025093e+02, 5.47696106e+02, 1.29477463e+02, 5.45884399e+02,
       1.55966766e+02, 5.37784424e+02, 8.87625732e+01, 5.35268188e+02,
       1.15226585e+02, 5.33094727e+02, 1.41784302e+02, 5.31382874e+02,
       1.68440308e+02, 5.25615601e+02, 7.46239319e+01, 5.22918274e+02,
       1.01161148e+02, 5.20559448e+02, 1.27610489e+02, 5.18662537e+02,
       1.54085831e+02, 5.10755493e+02, 8.69666901e+01, 5.08198120e+02,
       1.13378731e+02, 5.06057190e+02, 1.39992935e+02, 5.04376160e+02,
       1.66524460e+02, 4.98613251e+02, 7.25935974e+01, 4.95988556e+02,
       9.91893997e+01, 4.93674377e+02, 1.25765495e+02, 4.91745667e+02,
       1.52422195e+02, 4.84015381e+02, 8.46611786e+01, 4.81398071e+02,
       1.11306808e+02, 4.79353027e+02, 1.37989807e+02, 4.77583069e+02,
       1.64798950e+02, 4.71972900e+02, 7.03076324e+01, 4.69417053e+02,
       9.69937592e+01, 4.67089111e+02, 1.23608727e+02, 4.65086029e+02,
       1.50345444e+02, 2.51863068e+02, 1.95372620e+01, 2.60002014e+02,
       4.59134750e+01, 2.67736755e+02, 7.16209412e+01, 2.75383636e+02,
       9.68763809e+01, 2.45496719e+02, 3.49397621e+01, 2.53788696e+02,
       6.13926430e+01, 2.61557343e+02, 8.73922348e+01, 2.69578674e+02,
       1.12834435e+02, 2.30957596e+02, 2.39391937e+01, 2.39525436e+02,
       5.08845787e+01, 2.47584549e+02, 7.74550400e+01, 2.55812164e+02,
       1.03338409e+02, 2.24455582e+02, 3.98576431e+01, 2.32974213e+02,
       6.68887177e+01, 2.41430649e+02, 9.35497818e+01, 2.50059723e+02,
       1.19682579e+02, 2.08867599e+02, 2.81078205e+01, 2.18032761e+02,
       5.62728844e+01, 2.26531555e+02, 8.33701782e+01, 2.35514191e+02,
       1.10155083e+02, 2.02036331e+02, 4.48498802e+01, 2.11121552e+02,
       7.27390594e+01, 2.20195724e+02, 1.00008827e+02, 2.29616821e+02,
       1.27001518e+02, 1.85663269e+02, 3.30213509e+01, 1.95181763e+02,
       6.17614708e+01, 2.04438202e+02, 8.97986755e+01, 2.13953018e+02,
       1.17250847e+02, 1.78574158e+02, 5.02970467e+01, 1.88050079e+02,
       7.88074036e+01, 1.97959427e+02, 1.07239304e+02, 2.07810501e+02,
       1.34775299e+02, 1.61132019e+02, 3.81855354e+01, 1.71229279e+02,
       6.76966171e+01, 1.81210114e+02, 9.64812698e+01, 1.91352859e+02,
       1.24948944e+02, 1.53705872e+02, 5.58754921e+01, 1.63886871e+02,
       8.53579941e+01, 1.74315338e+02, 1.14481873e+02, 1.84775497e+02,
       1.43073853e+02, 1.35383331e+02, 4.32642708e+01, 1.46295227e+02,
       7.38253250e+01, 1.56735291e+02, 1.03591690e+02, 1.67759796e+02,
       1.33031967e+02, 1.86905991e+02, 2.78680054e+02, 1.95623199e+02,
       3.04379578e+02, 2.04439117e+02, 3.30520386e+02, 2.13543961e+02,
       3.57525482e+02, 1.78095306e+02, 2.96650208e+02, 1.86718414e+02,
       3.22631805e+02, 1.95566925e+02, 3.49428894e+02, 2.04576920e+02,
       3.77123627e+02, 1.60790787e+02, 2.89205078e+02, 1.69021103e+02,
       3.15090393e+02, 1.77715775e+02, 3.41348175e+02, 1.86589844e+02,
       3.68828003e+02, 1.51700974e+02, 3.07340088e+02, 1.59933594e+02,
       3.33484833e+02, 1.68545761e+02, 3.60499084e+02, 1.77258865e+02,
       3.88338165e+02, 1.34480072e+02, 2.99749756e+02, 1.42434235e+02,
       3.25869720e+02, 1.50743195e+02, 3.52358459e+02, 1.59205841e+02,
       3.79949799e+02, 1.25080238e+02, 3.18021057e+02, 1.33181107e+02,
       3.44306671e+02, 1.41340820e+02, 3.71559204e+02, 1.49629333e+02,
       3.99781219e+02, 1.07954430e+02, 3.10308105e+02, 1.15688660e+02,
       3.36630402e+02, 1.23734558e+02, 3.63508362e+02, 1.31715210e+02,
       3.91229156e+02, 9.85086823e+01, 3.28805359e+02, 1.06224358e+02,
       3.55323212e+02, 1.14145927e+02, 3.82859436e+02, 1.22058701e+02,
       4.11124481e+02, 8.13640747e+01, 3.21096924e+02, 8.87996063e+01,
       3.47424805e+02, 9.64169083e+01, 3.74484741e+02, 1.04301346e+02,
       4.02410889e+02, 7.14468842e+01, 3.39413300e+02, 7.88232574e+01,
       3.66216888e+02, 8.64766769e+01, 3.93966522e+02, 9.42054062e+01,
       4.22378937e+02, 5.42162552e+01, 3.31601624e+02, 6.13222694e+01,
       3.58246704e+02, 6.88882904e+01, 3.85542206e+02, 7.62319565e+01,
       4.13699615e+02, 6.13006104e+02, 1.73727020e+02, 6.11088867e+02,
       1.99347656e+02, 6.08984863e+02, 2.25409134e+02, 6.06406738e+02,
       2.52293594e+02, 5.98609192e+02, 1.83922852e+02, 5.96614868e+02,
       2.09800018e+02, 5.93951416e+02, 2.36360321e+02, 5.91167480e+02,
       2.63692322e+02, 5.86387451e+02, 1.68917114e+02, 5.84306885e+02,
       1.94323944e+02, 5.81716003e+02, 2.20402786e+02, 5.78991699e+02,
       2.47380203e+02, 5.71940186e+02, 1.79054352e+02, 5.69550232e+02,
       2.04757538e+02, 5.66901611e+02, 2.31354752e+02, 5.64065979e+02,
       2.58342499e+02, 5.59883972e+02, 1.63964584e+02, 5.57474854e+02,
       1.89437424e+02, 5.54669067e+02, 2.15457855e+02, 5.51999207e+02,
       2.42061111e+02, 5.45393372e+02, 1.74179077e+02, 5.42679321e+02,
       1.99745575e+02, 5.39827087e+02, 2.26044464e+02, 5.36786377e+02,
       2.53095230e+02, 5.33523804e+02, 1.59117264e+02, 5.30698608e+02,
       1.84396042e+02, 5.27767273e+02, 2.10414352e+02, 5.24744507e+02,
       2.36970108e+02, 5.18752380e+02, 1.69226288e+02, 5.15744812e+02,
       1.94904907e+02, 5.12705627e+02, 2.21015808e+02, 5.09532379e+02,
       2.47963837e+02, 5.07013397e+02, 1.54269974e+02, 5.03959259e+02,
       1.79560318e+02, 5.00797241e+02, 2.05208160e+02, 4.97507965e+02,
       2.31778564e+02, 4.92338470e+02, 1.64264206e+02, 4.89022034e+02,
       1.89682312e+02, 4.85674286e+02, 2.15965881e+02, 4.82194946e+02,
       2.42705002e+02, 4.80747375e+02, 1.49165955e+02, 4.77469421e+02,
       1.74334564e+02, 4.73999481e+02, 2.00104919e+02, 4.70543518e+02,
       2.26505051e+02, 5.46550903e+02, 2.50159012e+02, 5.51766724e+02,
       2.77043335e+02, 5.56834473e+02, 3.03787445e+02, 5.61759460e+02,
       3.30814850e+02, 5.34898865e+02, 2.66166992e+02, 5.40175781e+02,
       2.92902069e+02, 5.45002319e+02, 3.19785950e+02, 5.49919800e+02,
       3.46680969e+02, 5.18419128e+02, 2.55506973e+02, 5.23597717e+02,
       2.82313904e+02, 5.28629089e+02, 3.08779236e+02, 5.33555542e+02,
       3.35631683e+02, 5.07153503e+02, 2.71492859e+02, 5.12093811e+02,
       2.97883667e+02, 5.17044067e+02, 3.24600555e+02, 5.22055176e+02,
       3.51423553e+02, 4.90667053e+02, 2.60679504e+02, 4.95802338e+02,
       2.87453369e+02, 5.00648193e+02, 3.13753021e+02, 5.05791840e+02,
       3.40305176e+02, 4.79401917e+02, 2.76617218e+02, 4.84444824e+02,
       3.03115234e+02, 4.89434937e+02, 3.29406738e+02, 4.94454956e+02,
       3.56084473e+02, 4.63068481e+02, 2.66094452e+02, 4.68242218e+02,
       2.92322662e+02, 4.73326965e+02, 3.18702728e+02, 4.78031158e+02,
       3.45152924e+02, 4.52008057e+02, 2.81828308e+02, 4.57138885e+02,
       3.07845306e+02, 4.62137634e+02, 3.34256226e+02, 4.67061798e+02,
       3.60697937e+02, 4.35928650e+02, 2.71291473e+02, 4.41129639e+02,
       2.97338531e+02, 4.45973053e+02, 3.23413422e+02, 4.50919373e+02,
       3.49711823e+02, 4.25119659e+02, 2.86927887e+02, 4.30038666e+02,
       3.12784058e+02, 4.34981720e+02, 3.38963562e+02, 4.39998596e+02,
       3.65228790e+02, 4.09017212e+02, 2.76443756e+02, 4.14298431e+02,
       3.02713074e+02, 4.19166840e+02, 3.28362915e+02, 4.24028595e+02,
       3.54551331e+02, 3.69586914e+02, 2.45157928e+02, 3.70383545e+02,
       2.72759766e+02, 3.71084442e+02, 2.99902313e+02, 3.72181915e+02,
       3.27247742e+02, 3.56569031e+02, 2.59587311e+02, 3.57464294e+02,
       2.87042603e+02, 3.58279633e+02, 3.14533356e+02, 3.59330750e+02,
       3.42130127e+02, 3.42673309e+02, 2.46558060e+02, 3.43538177e+02,
       2.74175018e+02, 3.44379303e+02, 3.01729553e+02, 3.45513123e+02,
       3.29642822e+02, 3.29676727e+02, 2.61086273e+02, 3.30329285e+02,
       2.88879578e+02, 3.31407990e+02, 3.16851532e+02, 3.32785706e+02,
       3.44753265e+02, 3.15277039e+02, 2.47656723e+02, 3.16388824e+02,
       2.76035400e+02, 3.17156555e+02, 3.03785126e+02, 3.18533508e+02,
       3.32034027e+02, 3.01862854e+02, 2.62602844e+02, 3.02898163e+02,
       2.90886627e+02, 3.03924042e+02, 3.19065216e+02, 3.05343353e+02,
       3.47548920e+02, 2.87358917e+02, 2.49161438e+02, 2.88296356e+02,
       2.77709991e+02, 2.89517883e+02, 3.06136505e+02, 2.90617401e+02,
       3.34632355e+02, 2.73585449e+02, 2.64227539e+02, 2.74743256e+02,
       2.92777740e+02, 2.75857574e+02, 3.21698669e+02, 2.77333527e+02,
       3.50404816e+02, 2.58643372e+02, 2.50666489e+02, 2.59740875e+02,
       2.79463196e+02, 2.60806061e+02, 3.08317047e+02, 2.62335052e+02,
       3.37282806e+02, 2.44756592e+02, 2.66027374e+02, 2.45696091e+02,
       2.94905212e+02, 2.47064850e+02, 3.24115509e+02, 2.48840073e+02,
       3.53348083e+02, 2.29287491e+02, 2.52127609e+02, 2.30494110e+02,
       2.81677063e+02, 2.31658783e+02, 3.10730133e+02, 2.33370285e+02,
       3.40261261e+02, 2.96039856e+02, 3.15268036e+02, 2.94106934e+02,
       3.39444824e+02, 2.92378387e+02, 3.62991486e+02, 2.90134460e+02,
       3.86142548e+02, 2.82218781e+02, 3.25669556e+02, 2.80684662e+02,
       3.49611359e+02, 2.78713593e+02, 3.72790894e+02, 2.76712769e+02,
       3.96044739e+02, 2.70129517e+02, 3.12341125e+02, 2.68623718e+02,
       3.36366150e+02, 2.67120789e+02, 3.59712646e+02, 2.65249359e+02,
       3.82946472e+02, 2.56725861e+02, 3.22864319e+02, 2.55168457e+02,
       3.46528442e+02, 2.53643585e+02, 3.69773346e+02, 2.52000885e+02,
       3.92917297e+02, 2.44657349e+02, 3.09431519e+02, 2.43283035e+02,
       3.33430359e+02, 2.41944000e+02, 3.56604980e+02, 2.40612640e+02,
       3.80071564e+02, 2.31178711e+02, 3.20029297e+02, 2.30073288e+02,
       3.43522552e+02, 2.28739700e+02, 3.66912872e+02, 2.27202377e+02,
       3.89979187e+02, 2.18933853e+02, 3.06629272e+02, 2.17940308e+02,
       3.30482391e+02, 2.17129013e+02, 3.53768616e+02, 2.15601425e+02,
       3.76887390e+02, 2.05989487e+02, 3.17159790e+02, 2.05065689e+02,
       3.40529541e+02, 2.04123947e+02, 3.64021057e+02, 2.02676544e+02,
       3.86935272e+02, 1.93657867e+02, 3.03888916e+02, 1.92977982e+02,
       3.27558990e+02, 1.92189926e+02, 3.50934784e+02, 1.91265320e+02,
       3.74069580e+02, 1.80919632e+02, 3.14688202e+02, 1.79938766e+02,
       3.38031799e+02, 1.79331039e+02, 3.61076141e+02, 1.78342041e+02,
       3.84068268e+02, 1.68268936e+02, 3.01424591e+02, 1.67947189e+02,
       3.25290955e+02, 1.67420929e+02, 3.48327820e+02, 1.66579330e+02,
       3.71455231e+02, 1.31762878e+02, 1.52934982e+02, 1.40430374e+02,
       1.75577499e+02, 1.49011765e+02, 1.98161591e+02, 1.57580688e+02,
       2.20703918e+02, 1.25159355e+02, 1.68252487e+02, 1.33725128e+02,
       1.90826431e+02, 1.42468582e+02, 2.13368515e+02, 1.50851028e+02,
       2.36075455e+02, 1.09846901e+02, 1.61217438e+02, 1.18430832e+02,
       1.83619583e+02, 1.27280594e+02, 2.06054977e+02, 1.35943634e+02,
       2.28620163e+02, 1.03357895e+02, 1.76467026e+02, 1.12020325e+02,
       1.98789444e+02, 1.20777275e+02, 2.21308304e+02, 1.29215790e+02,
       2.43724945e+02, 8.81299896e+01, 1.69235764e+02, 9.68897629e+01,
       1.91772964e+02, 1.05619057e+02, 2.13977936e+02, 1.14238365e+02,
       2.36448441e+02, 8.18100128e+01, 1.84478989e+02, 9.06011200e+01,
       2.06763718e+02, 9.91863708e+01, 2.29019501e+02, 1.07590462e+02,
       2.51572983e+02, 6.66354446e+01, 1.77378342e+02, 7.54322968e+01,
       1.99697693e+02, 8.41837082e+01, 2.21873993e+02, 9.26411362e+01,
       2.44003098e+02, 6.04893608e+01, 1.92500656e+02, 6.92319641e+01,
       2.14551605e+02, 7.78302765e+01, 2.36905807e+02, 8.60498428e+01,
       2.59075653e+02, 4.54577637e+01, 1.85401093e+02, 5.42094269e+01,
       2.07531998e+02, 6.28965263e+01, 2.29605942e+02, 7.13355789e+01,
       2.51727982e+02, 3.90921326e+01, 2.00319901e+02, 4.78165512e+01,
       2.22404648e+02, 5.64318237e+01, 2.44408142e+02, 6.46793137e+01,
       2.66465973e+02, 2.40546780e+01, 1.93294144e+02, 3.27121315e+01,
       2.15388519e+02, 4.15268402e+01, 2.37314285e+02, 4.98011894e+01,
       2.59321411e+02, 1.69796738e+02, 5.05900230e+01, 1.73955124e+02,
       7.43664627e+01, 1.78335190e+02, 9.77649765e+01, 1.82604370e+02,
       1.21076569e+02, 1.60428436e+02, 6.41454849e+01, 1.64773483e+02,
       8.77252808e+01, 1.69178070e+02, 1.11307816e+02, 1.73460098e+02,
       1.34585739e+02, 1.46957596e+02, 5.42346115e+01, 1.51267517e+02,
       7.79057236e+01, 1.55732849e+02, 1.01272026e+02, 1.59987579e+02,
       1.24616501e+02, 1.37641663e+02, 6.77154465e+01, 1.42098877e+02,
       9.13035889e+01, 1.46524185e+02, 1.14714317e+02, 1.51051559e+02,
       1.38004715e+02, 1.24145889e+02, 5.76971703e+01, 1.28513092e+02,
       8.13898010e+01, 1.32983017e+02, 1.04760094e+02, 1.37470047e+02,
       1.28155167e+02, 1.14993385e+02, 7.13743362e+01, 1.19459137e+02,
       9.47472534e+01, 1.23943535e+02, 1.18145248e+02, 1.28265244e+02,
       1.41534332e+02, 1.01346649e+02, 6.12172127e+01, 1.05742226e+02,
       8.48722229e+01, 1.10440094e+02, 1.08239403e+02, 1.14752068e+02,
       1.31473221e+02, 9.22967224e+01, 7.48298569e+01, 9.68773270e+01,
       9.82368927e+01, 1.01401169e+02, 1.21657845e+02, 1.05775902e+02,
       1.44886688e+02, 7.87808609e+01, 6.48732452e+01, 8.32509766e+01,
       8.83790283e+01, 8.77220917e+01, 1.11692474e+02, 9.24766922e+01,
       1.35111511e+02, 6.95937347e+01, 7.83262787e+01, 7.41473541e+01,
       1.01715630e+02, 7.87688065e+01, 1.25045685e+02, 8.34547806e+01,
       1.48395966e+02, 5.59942284e+01, 6.82264023e+01, 6.04266739e+01,
       9.17853851e+01, 6.51644669e+01, 1.15155411e+02, 6.98028488e+01,
       1.38459991e+02, 3.31910675e+02, 1.76040436e+02, 3.21748199e+02,
       1.97614914e+02, 3.11442413e+02, 2.19347870e+02, 3.00591492e+02,
       2.42034195e+02, 3.15454620e+02, 1.80820587e+02, 3.05032288e+02,
       2.02282257e+02, 2.94120117e+02, 2.24722839e+02, 2.82739166e+02,
       2.47642822e+02, 3.09056610e+02, 1.64463211e+02, 2.98614532e+02,
       1.85600677e+02, 2.87916687e+02, 2.07461548e+02, 2.76453918e+02,
       2.30113129e+02, 2.92259094e+02, 1.68975418e+02, 2.81588257e+02,
       1.90427383e+02, 2.70282104e+02, 2.12767242e+02, 2.58668243e+02,
       2.35452194e+02, 2.86043579e+02, 1.52626434e+02, 2.75281494e+02,
       1.73812958e+02, 2.64061432e+02, 1.95533783e+02, 2.52454742e+02,
       2.17914429e+02, 2.69074036e+02, 1.57094803e+02, 2.58014862e+02,
       1.78571732e+02, 2.46292557e+02, 2.00584732e+02, 2.34262939e+02,
       2.23146133e+02, 2.62895111e+02, 1.40836502e+02, 2.51751389e+02,
       1.61874527e+02, 2.40123108e+02, 1.83474731e+02, 2.28063583e+02,
       2.05571884e+02, 2.45670654e+02, 1.45289017e+02, 2.34130692e+02,
       1.66560165e+02, 2.22026764e+02, 1.88424194e+02, 2.09506882e+02,
       2.10852051e+02, 2.39483032e+02, 1.29078461e+02, 2.27977417e+02,
       1.49919296e+02, 2.16055557e+02, 1.71212387e+02, 2.03531769e+02,
       1.93427734e+02, 2.21953506e+02, 1.33230820e+02, 2.10044952e+02,
       1.54150406e+02, 1.97580063e+02, 1.76085510e+02, 1.84535004e+02,
       1.98381943e+02, 2.16008102e+02, 1.16903893e+02, 2.04075989e+02,
       1.37521454e+02, 1.91635193e+02, 1.58969696e+02, 1.78665848e+02,
       1.80803284e+02, 4.56330322e+02, 1.58970551e+02, 4.59247589e+02,
       1.86542023e+02, 4.62063446e+02, 2.13223007e+02, 4.65038574e+02,
       2.39113647e+02, 4.42836334e+02, 1.74732422e+02, 4.46009216e+02,
       2.01678253e+02, 4.49145660e+02, 2.27769791e+02, 4.52037720e+02,
       2.53279160e+02, 4.26511719e+02, 1.63305130e+02, 4.29758362e+02,
       1.90469498e+02, 4.33134491e+02, 2.16609436e+02, 4.36388550e+02,
       2.42458939e+02, 4.13505920e+02, 1.78967331e+02, 4.16978180e+02,
       2.05463333e+02, 4.20753601e+02, 2.31380280e+02, 4.24184235e+02,
       2.56423492e+02, 3.97060852e+02, 1.67473969e+02, 4.01032715e+02,
       1.94463272e+02, 4.04735016e+02, 2.20122421e+02, 4.08650787e+02,
       2.45822464e+02, 3.84621460e+02, 1.83079605e+02, 3.88805054e+02,
       2.09205887e+02, 3.92783112e+02, 2.34704865e+02, 3.96698151e+02,
       2.59718475e+02, 3.68392212e+02, 1.71749863e+02, 3.72607727e+02,
       1.98273285e+02, 3.77081635e+02, 2.23768066e+02, 3.81112396e+02,
       2.49062820e+02, 3.56446014e+02, 1.87014618e+02, 3.61132080e+02,
       2.12859512e+02, 3.65626129e+02, 2.38255402e+02, 3.69619324e+02,
       2.62913147e+02, 3.40110352e+02, 1.75936340e+02, 3.44981201e+02,
       2.01939880e+02, 3.49657837e+02, 2.27464783e+02, 3.54328918e+02,
       2.52239731e+02, 3.28892761e+02, 1.91228531e+02, 3.33629883e+02,
       2.16687805e+02, 3.38491150e+02, 2.41630768e+02, 3.43333099e+02,
       2.66145203e+02, 3.12405518e+02, 1.80182739e+02, 3.17694305e+02,
       2.06150574e+02, 3.22848297e+02, 2.31110718e+02, 3.27712982e+02,
       2.55743988e+02, 3.50978119e+02, 1.22058670e+02, 3.56384094e+02,
       1.55731033e+02, 3.62346832e+02, 1.90826538e+02, 3.68856049e+02,
       2.28253723e+02, 3.34308044e+02, 1.38979294e+02, 3.39652100e+02,
       1.73631836e+02, 3.45281677e+02, 2.10606888e+02, 3.51625122e+02,
       2.49361923e+02, 3.12892883e+02, 1.22794044e+02, 3.17432953e+02,
       1.56710098e+02, 3.22312256e+02, 1.92850037e+02, 3.27930420e+02,
       2.31044174e+02, 2.95433441e+02, 1.39804321e+02, 2.99715179e+02,
       1.75179642e+02, 3.04426880e+02, 2.12804764e+02, 3.09825989e+02,
       2.52226990e+02, 2.73841888e+02, 1.23094872e+02, 2.77421509e+02,
       1.57914291e+02, 2.81392792e+02, 1.94769058e+02, 2.86076599e+02,
       2.33322876e+02, 2.55445557e+02, 1.40559906e+02, 2.58696014e+02,
       1.76691162e+02, 2.62470306e+02, 2.14792557e+02, 2.66767639e+02,
       2.55118683e+02, 2.33997711e+02, 1.23528046e+02, 2.36363800e+02,
       1.59110123e+02, 2.39433029e+02, 1.96782547e+02, 2.42683640e+02,
       2.35863571e+02, 2.14342010e+02, 1.41559128e+02, 2.16565063e+02,
       1.78264709e+02, 2.19187241e+02, 2.17332520e+02, 2.22431488e+02,
       2.58362549e+02, 1.92704666e+02, 1.24152969e+02, 1.93971283e+02,
       1.60231400e+02, 1.95942062e+02, 1.98333038e+02, 1.98287674e+02,
       2.38623856e+02, 1.72170395e+02, 1.41767487e+02, 1.72947723e+02,
       1.79121994e+02, 1.74608124e+02, 2.19145828e+02, 1.76257965e+02,
       2.61112946e+02, 1.50393387e+02, 1.23735229e+02, 1.50426163e+02,
       1.60626236e+02, 1.51245346e+02, 1.99864914e+02, 1.51981873e+02,
       2.40895004e+02, 3.60139038e+02, 1.51764023e+02, 3.70116882e+02,
       1.88178940e+02, 3.80184998e+02, 2.24873642e+02, 3.90664429e+02,
       2.62248108e+02, 3.48155090e+02, 1.72517090e+02, 3.58550140e+02,
       2.09688614e+02, 3.68610809e+02, 2.47621140e+02, 3.79814484e+02,
       2.85698944e+02, 3.26295532e+02, 1.56705185e+02, 3.36349335e+02,
       1.94236511e+02, 3.46493469e+02, 2.32375076e+02, 3.57400787e+02,
       2.71143036e+02, 3.13619415e+02, 1.78213715e+02, 3.23782288e+02,
       2.16800156e+02, 3.34427673e+02, 2.56059570e+02, 3.46248871e+02,
       2.95496216e+02, 2.90441956e+02, 1.61773438e+02, 3.00844086e+02,
       2.00956177e+02, 3.10923828e+02, 2.40409973e+02, 3.22615784e+02,
       2.80442596e+02, 2.76764679e+02, 1.84308990e+02, 2.87223389e+02,
       2.24473129e+02, 2.98148743e+02, 2.64861847e+02, 3.10397583e+02,
       3.06158081e+02, 2.52503983e+02, 1.67245590e+02, 2.62843353e+02,
       2.07946243e+02, 2.73621979e+02, 2.49068329e+02, 2.85115875e+02,
       2.90686920e+02, 2.37682098e+02, 1.90863205e+02, 2.48269684e+02,
       2.32465500e+02, 2.59649078e+02, 2.74805756e+02, 2.72255493e+02,
       3.17557190e+02, 2.11982758e+02, 1.73358170e+02, 2.22480728e+02,
       2.15530106e+02, 2.33399200e+02, 2.58238617e+02, 2.45761841e+02,
       3.01763367e+02, 1.96114639e+02, 1.97791992e+02, 2.06726959e+02,
       2.41122757e+02, 2.18467484e+02, 2.85156433e+02, 2.31546188e+02,
       3.30085571e+02, 1.68799271e+02, 1.79234558e+02, 1.79744675e+02,
       2.23515671e+02, 1.90946838e+02, 2.68060211e+02, 2.03621964e+02,
       3.13686218e+02, 4.30583527e+02, 2.83140930e+02, 4.36654175e+02,
       3.23924591e+02, 4.42723999e+02, 3.64698822e+02, 4.49129852e+02,
       4.06862152e+02, 4.14701202e+02, 3.05663574e+02, 4.20982849e+02,
       3.46800964e+02, 4.26753601e+02, 3.88855774e+02, 4.33522278e+02,
       4.31891174e+02, 3.93037201e+02, 2.87509888e+02, 3.98868073e+02,
       3.28811676e+02, 4.04573608e+02, 3.70697235e+02, 4.10840363e+02,
       4.14036407e+02, 3.76644318e+02, 3.10440613e+02, 3.82229279e+02,
       3.52505463e+02, 3.88094330e+02, 3.95718384e+02, 3.95232361e+02,
       4.39788269e+02, 3.54018799e+02, 2.91734436e+02, 3.59838684e+02,
       3.34452942e+02, 3.65217560e+02, 3.77212341e+02, 3.71743927e+02,
       4.21560699e+02, 3.36790863e+02, 3.15577026e+02, 3.42224823e+02,
       3.58757080e+02, 3.48109528e+02, 4.02805237e+02, 3.54917297e+02,
       4.48289581e+02, 3.13659882e+02, 2.96539429e+02, 3.19035614e+02,
       3.40098938e+02, 3.24525574e+02, 3.84200287e+02, 3.30523254e+02,
       4.29499664e+02, 2.95348480e+02, 3.20889099e+02, 3.00716431e+02,
       3.65095673e+02, 3.06554565e+02, 4.10671906e+02, 3.13087067e+02,
       4.57304749e+02, 2.71456665e+02, 3.01617523e+02, 2.76636414e+02,
       3.46059357e+02, 2.81824951e+02, 3.91346924e+02, 2.88061371e+02,
       4.37971954e+02, 2.52375290e+02, 3.26620270e+02, 2.57221344e+02,
       3.71977173e+02, 2.62737396e+02, 4.18618225e+02, 2.69271545e+02,
       4.66453156e+02, 2.27633636e+02, 3.06552521e+02, 2.32582504e+02,
       3.52664215e+02, 2.37547241e+02, 3.99086823e+02, 2.43561798e+02,
       4.47263977e+02, 4.03012115e+02, 2.91966309e+02, 3.87547119e+02,
       3.26039673e+02, 3.72231171e+02, 3.59071045e+02, 3.57053101e+02,
       3.92181152e+02, 3.78670959e+02, 3.02546906e+02, 3.63506042e+02,
       3.36589996e+02, 3.48006500e+02, 3.69851349e+02, 3.32726532e+02,
       4.03341492e+02, 3.69604401e+02, 2.79357758e+02, 3.54439484e+02,
       3.13578217e+02, 3.39005432e+02, 3.47262512e+02, 3.23620148e+02,
       3.81188568e+02, 3.45138123e+02, 2.89970917e+02, 3.29595520e+02,
       3.24316345e+02, 3.14157532e+02, 3.58516754e+02, 2.99296387e+02,
       3.92628632e+02, 3.35452057e+02, 2.65960785e+02, 3.20000946e+02,
       3.01158081e+02, 3.04540833e+02, 3.35378632e+02, 2.89495361e+02,
       3.70027893e+02, 3.10065979e+02, 2.76909210e+02, 2.94726105e+02,
       3.11935791e+02, 2.79496552e+02, 3.46815338e+02, 2.64138031e+02,
       3.81680847e+02, 2.99977814e+02, 2.52570831e+02, 2.84563782e+02,
       2.88179382e+02, 2.69252869e+02, 3.23255066e+02, 2.53763840e+02,
       3.58360504e+02, 2.74148163e+02, 2.63667969e+02, 2.58764771e+02,
       2.99119965e+02, 2.43270309e+02, 3.34785156e+02, 2.27952133e+02,
       3.70471161e+02, 2.63180115e+02, 2.38734741e+02, 2.47979385e+02,
       2.74737885e+02, 2.32589813e+02, 3.10683044e+02, 2.17120270e+02,
       3.46550629e+02, 2.36960922e+02, 2.50035889e+02, 2.21499847e+02,
       2.86134033e+02, 2.05980667e+02, 3.22357849e+02, 1.90559860e+02,
       3.58650726e+02, 2.25410782e+02, 2.24608459e+02, 2.10101303e+02,
       2.61639404e+02, 1.94585510e+02, 2.98122681e+02, 1.79018127e+02,
       3.34618225e+02, 4.19468567e+02, 1.02499580e+02, 4.12637299e+02,
       1.33861420e+02, 4.05569763e+02, 1.66428802e+02, 3.98020447e+02,
       2.00933899e+02, 3.97750305e+02, 1.15192520e+02, 3.90386505e+02,
       1.46746704e+02, 3.82593506e+02, 1.80328537e+02, 3.74159210e+02,
       2.15321655e+02, 3.83297455e+02, 9.72244339e+01, 3.75718842e+02,
       1.27705544e+02, 3.67989563e+02, 1.60215195e+02, 3.59532227e+02,
       1.94220200e+02, 3.61537476e+02, 1.09440254e+02, 3.53445099e+02,
       1.40585495e+02, 3.44956451e+02, 1.73603699e+02, 3.36013153e+02,
       2.07932495e+02, 3.47588379e+02, 9.16790619e+01, 3.39394592e+02,
       1.21991547e+02, 3.30873291e+02, 1.53781387e+02, 3.21935150e+02,
       1.87054932e+02, 3.25820709e+02, 1.03806610e+02, 3.17155945e+02,
       1.34551193e+02, 3.07998871e+02, 1.66833328e+02, 2.98234406e+02,
       2.00569122e+02, 3.12659637e+02, 8.63647079e+01, 3.03826172e+02,
       1.16207916e+02, 2.94492493e+02, 1.47544312e+02, 2.84754669e+02,
       1.80083374e+02, 2.90827820e+02, 9.84036026e+01, 2.81545807e+02,
       1.28660965e+02, 2.71608704e+02, 1.60494293e+02, 2.61270752e+02,
       1.93723923e+02, 2.78089935e+02, 8.11280365e+01, 2.68646545e+02,
       1.10438057e+02, 2.58692474e+02, 1.41020905e+02, 2.48323410e+02,
       1.73464340e+02, 2.56358856e+02, 9.26329193e+01, 2.46161453e+02,
       1.22091164e+02, 2.35624374e+02, 1.53720505e+02, 2.24525009e+02,
       1.86487549e+02, 2.44162109e+02, 7.52804413e+01, 2.33895554e+02,
       1.04161812e+02, 2.23434509e+02, 1.34537613e+02, 2.11992340e+02,
       1.66202042e+02, 4.59378326e+02, 1.45552168e+01, 4.68687592e+02,
       5.07375908e+01, 4.77911438e+02, 8.65219040e+01, 4.87351410e+02,
       1.22449585e+02, 4.46257538e+02, 3.70646248e+01, 4.55693878e+02,
       7.30895538e+01, 4.65008423e+02, 1.09281197e+02, 4.74668488e+02,
       1.45173569e+02, 4.24008118e+02, 2.32463989e+01, 4.33475861e+02,
       5.95358124e+01, 4.42732330e+02, 9.58107681e+01, 4.52309021e+02,
       1.32041000e+02, 4.10889008e+02, 4.58256645e+01, 4.20343903e+02,
       8.22266235e+01, 4.29907776e+02, 1.18577271e+02, 4.39770935e+02,
       1.54670151e+02, 3.88199982e+02, 3.18745556e+01, 3.97860596e+02,
       6.86107559e+01, 4.07264343e+02, 1.05071472e+02, 4.17226135e+02,
       1.41361633e+02, 3.75040863e+02, 5.46752090e+01, 3.84664032e+02,
       9.14108963e+01, 3.94468353e+02, 1.27905685e+02, 4.04504547e+02,
       1.64299591e+02, 3.52068665e+02, 4.07026138e+01, 3.61830963e+02,
       7.77190475e+01, 3.71697174e+02, 1.14480278e+02, 3.81598572e+02,
       1.50984772e+02, 3.38746155e+02, 6.38203163e+01, 3.48571747e+02,
       1.00722343e+02, 3.58632660e+02, 1.37530518e+02, 3.68785858e+02,
       1.73985901e+02, 3.15478241e+02, 4.97723351e+01, 3.25411255e+02,
       8.69991608e+01, 3.35430420e+02, 1.23777954e+02, 3.45563995e+02,
       1.60617447e+02, 3.02106415e+02, 7.26460724e+01, 3.12102692e+02,
       1.09987129e+02, 3.22220337e+02, 1.47035675e+02, 3.32562653e+02,
       1.83789581e+02, 2.78388977e+02, 5.83986740e+01, 2.88638092e+02,
       9.60307159e+01, 2.98818695e+02, 1.33228333e+02, 3.09121124e+02,
       1.70349670e+02, 2.97841827e+02, 8.43185959e+01, 3.13586395e+02,
       1.16047203e+02, 3.29201569e+02, 1.48057892e+02, 3.45152496e+02,
       1.81037704e+02, 2.89046143e+02, 1.06833076e+02, 3.04682861e+02,
       1.38898285e+02, 3.20370575e+02, 1.71804214e+02, 3.36295319e+02,
       2.05381241e+02, 2.64532898e+02, 9.77899017e+01, 2.80016174e+02,
       1.29657150e+02, 2.95642456e+02, 1.62359299e+02, 3.11529236e+02,
       1.95943863e+02, 2.55310715e+02, 1.20452690e+02, 2.70743011e+02,
       1.53014801e+02, 2.86361633e+02, 1.86369644e+02, 3.02193756e+02,
       2.20334045e+02, 2.30404449e+02, 1.11050751e+02, 2.45941040e+02,
       1.43645081e+02, 2.61344116e+02, 1.76862076e+02, 2.76938690e+02,
       2.10595871e+02, 2.20679520e+02, 1.34319870e+02, 2.36139252e+02,
       1.67384384e+02, 2.51624924e+02, 2.01131241e+02, 2.67216003e+02,
       2.35524994e+02, 1.95369919e+02, 1.24810455e+02, 2.10668121e+02,
       1.57964645e+02, 2.26260910e+02, 1.91632645e+02, 2.41560318e+02,
       2.25861374e+02, 1.85225693e+02, 1.48475342e+02, 2.00642838e+02,
       1.82002792e+02, 2.16085236e+02, 2.16277634e+02, 2.31420517e+02,
       2.51077560e+02, 1.59518768e+02, 1.39003036e+02, 1.74795242e+02,
       1.72499588e+02, 1.90057571e+02, 2.06520782e+02, 2.05517075e+02,
       2.41300934e+02, 1.48815735e+02, 1.62645844e+02, 1.63989075e+02,
       1.96702545e+02, 1.79344330e+02, 2.31513489e+02, 1.94707520e+02,
       2.66875244e+02, 1.22560860e+02, 1.52871811e+02, 1.37779404e+02,
       1.86917740e+02, 1.53111603e+02, 2.21638702e+02, 1.68285767e+02,
       2.56928589e+02, 3.07110382e+02, 1.15758926e+02, 2.92203735e+02,
       1.56153427e+02, 2.77317413e+02, 1.95720016e+02, 2.62394836e+02,
       2.35376892e+02, 2.80410797e+02, 1.28891388e+02, 2.65614746e+02,
       1.68519699e+02, 2.50959213e+02, 2.08070526e+02, 2.35735916e+02,
       2.47355408e+02, 2.68288239e+02, 1.02066696e+02, 2.53732040e+02,
       1.41593750e+02, 2.39521973e+02, 1.81020462e+02, 2.24613708e+02,
       2.20229553e+02, 2.42142899e+02, 1.14918259e+02, 2.27702347e+02,
       1.54090744e+02, 2.13202377e+02, 1.93282059e+02, 1.98650482e+02,
       2.32184784e+02, 2.30271988e+02, 8.83256378e+01, 2.16047409e+02,
       1.27679268e+02, 2.01854630e+02, 1.66585159e+02, 1.87449860e+02,
       2.05471344e+02, 2.04390518e+02, 1.01283630e+02, 1.90538788e+02,
       1.40197723e+02, 1.76251053e+02, 1.78761581e+02, 1.61652466e+02,
       2.17373962e+02, 1.92634338e+02, 7.51612320e+01, 1.78837906e+02,
       1.14016068e+02, 1.65160278e+02, 1.52672028e+02, 1.50713959e+02,
       1.90836823e+02, 1.67424240e+02, 8.80022812e+01, 1.53980453e+02,
       1.26529228e+02, 1.39781952e+02, 1.64881393e+02, 1.25415817e+02,
       2.02871719e+02, 1.55793060e+02, 6.22455788e+01, 1.42448669e+02,
       1.00704193e+02, 1.28670288e+02, 1.38805115e+02, 1.14795319e+02,
       1.76913406e+02, 1.30769547e+02, 7.49485550e+01, 1.17509926e+02,
       1.12959000e+02, 1.03791542e+02, 1.50914703e+02, 8.97959671e+01,
       1.88713577e+02, 1.19038742e+02, 4.92131042e+01, 1.05917038e+02,
       8.75248184e+01, 9.29029541e+01, 1.25392097e+02, 7.88429413e+01,
       1.62961960e+02, 5.25018494e+02, 5.76744843e+01, 5.29959961e+02,
       9.10563049e+01, 5.34627747e+02, 1.22513733e+02, 5.38930237e+02,
       1.53033005e+02, 5.13041809e+02, 8.03268204e+01, 5.18189453e+02,
       1.12878830e+02, 5.22897949e+02, 1.43930389e+02, 5.27644409e+02,
       1.73881683e+02, 4.95866791e+02, 6.97681427e+01, 5.01591400e+02,
       1.03097687e+02, 5.06537262e+02, 1.34723328e+02, 5.11669769e+02,
       1.65327133e+02, 4.84025513e+02, 9.27114029e+01, 4.89682861e+02,
       1.25192528e+02, 4.95299438e+02, 1.56587448e+02, 5.00860229e+02,
       1.86398041e+02, 4.65922241e+02, 8.20119629e+01, 4.72511749e+02,
       1.15594810e+02, 4.78059967e+02, 1.47276154e+02, 4.84335297e+02,
       1.77922653e+02, 4.54131409e+02, 1.05232399e+02, 4.60578857e+02,
       1.37869476e+02, 4.66994080e+02, 1.69143494e+02, 4.73364319e+02,
       1.99318497e+02, 4.35254791e+02, 9.48149643e+01, 4.42510742e+02,
       1.28356934e+02, 4.49190704e+02, 1.60208557e+02, 4.55815460e+02,
       1.90967804e+02, 4.23289764e+02, 1.18205620e+02, 4.30778381e+02,
       1.50849777e+02, 4.37966278e+02, 1.82379150e+02, 4.45211426e+02,
       2.12374512e+02, 4.03809326e+02, 1.07842064e+02, 4.11839386e+02,
       1.41322189e+02, 4.19496460e+02, 1.73365891e+02, 4.27047211e+02,
       2.04000732e+02, 3.92256989e+02, 1.31464737e+02, 4.00453522e+02,
       1.64205429e+02, 4.08420532e+02, 1.95524277e+02, 4.16222748e+02,
       2.25567001e+02, 3.71813385e+02, 1.21147850e+02, 3.80885712e+02,
       1.55276459e+02, 3.89301575e+02, 1.87034302e+02, 3.97773315e+02,
       2.17908936e+02, 5.40739624e+02, 2.04780903e+01, 5.48010376e+02,
       4.28776627e+01, 5.55439880e+02, 6.68044357e+01, 5.63279602e+02,
       9.30576553e+01, 5.27117249e+02, 3.23556519e+01, 5.34002441e+02,
       5.53558006e+01, 5.41044617e+02, 8.08985748e+01, 5.48484680e+02,
       1.07894775e+02, 5.07092651e+02, 2.21878643e+01, 5.13318420e+02,
       4.43232079e+01, 5.19641724e+02, 6.87950668e+01, 5.26377869e+02,
       9.49676895e+01, 4.93173553e+02, 3.38565292e+01, 4.98951782e+02,
       5.70675812e+01, 5.04881866e+02, 8.22691727e+01, 5.11300049e+02,
       1.09010162e+02, 4.73701660e+02, 2.35265522e+01, 4.78860321e+02,
       4.57982635e+01, 4.84127625e+02, 7.01667252e+01, 4.89698639e+02,
       9.59877243e+01, 4.59158112e+02, 3.51176033e+01, 4.63974213e+02,
       5.84727898e+01, 4.68874756e+02, 8.35194092e+01, 4.74023834e+02,
       1.10209534e+02, 4.40339508e+02, 2.47544556e+01, 4.44421295e+02,
       4.72119293e+01, 4.48681213e+02, 7.15874329e+01, 4.53034882e+02,
       9.71990356e+01, 4.25451782e+02, 3.65411224e+01, 4.29102631e+02,
       5.99155922e+01, 4.32897217e+02, 8.47578430e+01, 4.36968018e+02,
       1.11418381e+02, 4.07168854e+02, 2.61165981e+01, 4.10122314e+02,
       4.86575241e+01, 4.13213715e+02, 7.25630569e+01, 4.16612213e+02,
       9.84999771e+01, 3.91850983e+02, 3.74720345e+01, 3.94363434e+02,
       6.06400604e+01, 3.97124146e+02, 8.56159592e+01, 3.99881958e+02,
       1.12217522e+02, 3.73976044e+02, 2.65228233e+01, 3.76033295e+02,
       4.87988358e+01, 3.78056488e+02, 7.31114960e+01, 3.80232819e+02,
       9.88798218e+01, 6.29717712e+02, 1.88466644e+02, 6.26866272e+02,
       2.29089645e+02, 6.23885254e+02, 2.70583344e+02, 6.20769775e+02,
       3.13349731e+02, 6.08225891e+02, 2.05370117e+02, 6.05285645e+02,
       2.46583603e+02, 6.01702698e+02, 2.88829437e+02, 5.98365723e+02,
       3.32258453e+02, 5.90082458e+02, 1.82006378e+02, 5.86948120e+02,
       2.22722763e+02, 5.83245483e+02, 2.64529205e+02, 5.79812256e+02,
       3.07572906e+02, 5.68336060e+02, 1.98868591e+02, 5.64844604e+02,
       2.40321686e+02, 5.61123657e+02, 2.82867676e+02, 5.57641174e+02,
       3.26547485e+02, 5.50023315e+02, 1.75300217e+02, 5.46547913e+02,
       2.16423584e+02, 5.42472412e+02, 2.58390228e+02, 5.38903809e+02,
       3.01524384e+02, 5.28066650e+02, 1.92459702e+02, 5.23978882e+02,
       2.34087509e+02, 5.20020203e+02, 2.76740753e+02, 5.16202332e+02,
       3.20597137e+02, 5.09767120e+02, 1.68740967e+02, 5.05652588e+02,
       2.09931091e+02, 5.01342041e+02, 2.52151978e+02, 4.97137543e+02,
       2.95497864e+02, 4.87208862e+02, 1.85915558e+02, 4.82625885e+02,
       2.27623596e+02, 4.78384064e+02, 2.70659668e+02, 4.74078674e+02,
       3.14772156e+02, 4.68822327e+02, 1.62112259e+02, 4.64284210e+02,
       2.03368210e+02, 4.59584473e+02, 2.45758743e+02, 4.55020966e+02,
       2.89510803e+02, 4.46191284e+02, 1.79011200e+02, 4.41123535e+02,
       2.20992371e+02, 4.36111237e+02, 2.64254852e+02, 4.31328430e+02,
       3.08694916e+02, 4.27892822e+02, 1.54913589e+02, 4.23009766e+02,
       1.96421371e+02, 4.17689240e+02, 2.39319962e+02, 4.12535370e+02,
       2.83272705e+02, 4.57533752e+02, 2.05530121e+02, 4.55774139e+02,
       2.47540115e+02, 4.54507996e+02, 2.90021271e+02, 4.53554230e+02,
       3.33481079e+02, 4.37862976e+02, 2.24532990e+02, 4.36473846e+02,
       2.67505035e+02, 4.34995972e+02, 3.11243378e+02, 4.34178650e+02,
       3.55804901e+02, 4.20440033e+02, 2.01646072e+02, 4.18238922e+02,
       2.44664978e+02, 4.16443207e+02, 2.88547974e+02, 4.15237549e+02,
       3.33516846e+02, 3.99858734e+02, 2.21149048e+02, 3.97664062e+02,
       2.65284241e+02, 3.96080353e+02, 3.10423370e+02, 3.95095032e+02,
       3.56526062e+02, 3.81280121e+02, 1.97121063e+02, 3.78935028e+02,
       2.41756927e+02, 3.76531647e+02, 2.86935944e+02, 3.75472778e+02,
       3.33407959e+02, 3.59459198e+02, 2.17422134e+02, 3.56897705e+02,
       2.63009583e+02, 3.55220856e+02, 3.09590393e+02, 3.53729462e+02,
       3.57580658e+02, 3.40108063e+02, 1.92392410e+02, 3.37003235e+02,
       2.38621750e+02, 3.34731079e+02, 2.85446228e+02, 3.32689880e+02,
       3.33497833e+02, 3.16750000e+02, 2.13340866e+02, 3.13797333e+02,
       2.60456757e+02, 3.11497681e+02, 3.09048218e+02, 3.09800842e+02,
       3.58684509e+02, 2.96416107e+02, 1.87626694e+02, 2.92759064e+02,
       2.35201340e+02, 2.89877258e+02, 2.83678711e+02, 2.87624237e+02,
       3.33664612e+02, 2.71819427e+02, 2.08885269e+02, 2.68003326e+02,
       2.57872833e+02, 2.65275330e+02, 3.08096069e+02, 2.62833221e+02,
       3.59724396e+02, 2.50308792e+02, 1.81866364e+02, 2.46127914e+02,
       2.31487610e+02, 2.42603455e+02, 2.82032501e+02, 2.39740616e+02,
       3.33865387e+02, 4.38637115e+02, 2.65748596e+02, 4.33719208e+02,
       3.10674225e+02, 4.29110474e+02, 3.53333282e+02, 4.24432220e+02,
       3.95011993e+02, 4.13275238e+02, 2.87823792e+02, 4.09004730e+02,
       3.32136139e+02, 4.04623932e+02, 3.74650818e+02, 4.00360779e+02,
       4.15943970e+02, 3.92477203e+02, 2.65270874e+02, 3.88240326e+02,
       3.10582092e+02, 3.84378357e+02, 3.53865540e+02, 3.80610016e+02,
       3.96408844e+02, 3.66996613e+02, 2.87712555e+02, 3.63190155e+02,
       3.32510986e+02, 3.59892059e+02, 3.75885773e+02, 3.56688904e+02,
       4.17810791e+02, 3.44832672e+02, 2.64453644e+02, 3.41678589e+02,
       3.10853210e+02, 3.38426331e+02, 3.54826782e+02, 3.35678558e+02,
       3.98064758e+02, 3.18959076e+02, 2.87595123e+02, 3.16342072e+02,
       3.33045746e+02, 3.13893890e+02, 3.77126801e+02, 3.11372620e+02,
       4.20426086e+02, 2.95779297e+02, 2.64226898e+02, 2.93312683e+02,
       3.11001129e+02, 2.91393433e+02, 3.56001831e+02, 2.89178192e+02,
       3.99769104e+02, 2.69643433e+02, 2.87703369e+02, 2.68011169e+02,
       3.33705872e+02, 2.66447998e+02, 3.79004517e+02, 2.64656067e+02,
       4.22611420e+02, 2.44977188e+02, 2.63915497e+02, 2.43604019e+02,
       3.11324646e+02, 2.42516357e+02, 3.57375336e+02, 2.41328781e+02,
       4.01814880e+02, 2.18695297e+02, 2.88029999e+02, 2.17842422e+02,
       3.34933807e+02, 2.17177551e+02, 3.80762177e+02, 2.16316895e+02,
       4.24952576e+02, 1.92537674e+02, 2.63814362e+02, 1.92254517e+02,
       3.12570465e+02, 1.92093796e+02, 3.59065308e+02, 1.91740936e+02,
       4.04568939e+02, 5.93382019e+02, 2.33024857e+02, 5.89696533e+02,
       2.74093262e+02, 5.85759033e+02, 3.16537231e+02, 5.81320435e+02,
       3.61170227e+02, 5.69364868e+02, 2.49006058e+02, 5.65380310e+02,
       2.90612579e+02, 5.60453857e+02, 3.34235016e+02, 5.55717285e+02,
       3.79696686e+02, 5.49852356e+02, 2.25111984e+02, 5.45307007e+02,
       2.65364502e+02, 5.40435364e+02, 3.07891357e+02, 5.35389038e+02,
       3.52421478e+02, 5.25876892e+02, 2.40795792e+02, 5.20705017e+02,
       2.81991302e+02, 5.15377808e+02, 3.25455719e+02, 5.09910980e+02,
       3.70626770e+02, 5.07029541e+02, 2.16790314e+02, 5.01496246e+02,
       2.57111206e+02, 4.95823517e+02, 2.99174103e+02, 4.90210968e+02,
       3.43388611e+02, 4.82719940e+02, 2.32514267e+02, 4.76774506e+02,
       2.73572021e+02, 4.70783295e+02, 3.16585815e+02, 4.64489349e+02,
       3.61693878e+02, 4.64674469e+02, 2.08737411e+02, 4.58211395e+02,
       2.48763443e+02, 4.51792389e+02, 2.90580566e+02, 4.45213776e+02,
       3.34380035e+02, 4.40184723e+02, 2.24482788e+02, 4.33358154e+02,
       2.65071289e+02, 4.26415161e+02, 3.07959137e+02, 4.19436798e+02,
       3.52734192e+02, 4.22579071e+02, 2.00835480e+02, 4.15362701e+02,
       2.40459259e+02, 4.08190186e+02, 2.81844574e+02, 4.00774536e+02,
       3.25607849e+02, 3.98219757e+02, 2.16119995e+02, 3.90393066e+02,
       2.56504547e+02, 3.82630707e+02, 2.98979431e+02, 3.74783600e+02,
       3.43613922e+02, 3.81289398e+02, 1.92400879e+02, 3.73261810e+02,
       2.31677536e+02, 3.65077362e+02, 2.73185425e+02, 3.56824005e+02,
       3.16555634e+02, 3.22768677e+02, 2.38344376e+02, 3.30157410e+02,
       2.81037292e+02, 3.37338684e+02, 3.24119934e+02, 3.44864197e+02,
       3.68459534e+02, 3.06003571e+02, 2.62245728e+02, 3.13352875e+02,
       3.05833588e+02, 3.20477142e+02, 3.50249725e+02, 3.27917175e+02,
       3.95860474e+02, 2.81790466e+02, 2.43664780e+02, 2.88841736e+02,
       2.87283905e+02, 2.95840973e+02, 3.31796478e+02, 3.03196716e+02,
       3.77545715e+02, 2.63889709e+02, 2.68274475e+02, 2.70674896e+02,
       3.13098297e+02, 2.77835693e+02, 3.58909271e+02, 2.85075409e+02,
       4.05833221e+02, 2.38284851e+02, 2.48884567e+02, 2.45152222e+02,
       2.94137360e+02, 2.51828644e+02, 3.39993042e+02, 2.59205017e+02,
       3.87030243e+02, 2.18834747e+02, 2.74583496e+02, 2.25656158e+02,
       3.20785400e+02, 2.32533691e+02, 3.67887238e+02, 2.39467407e+02,
       4.16517670e+02, 1.92010437e+02, 2.54654266e+02, 1.98552399e+02,
       3.01414948e+02, 2.05433441e+02, 3.48667297e+02, 2.12067490e+02,
       3.97245239e+02, 1.70932938e+02, 2.81243439e+02, 1.77490570e+02,
       3.28856873e+02, 1.84185699e+02, 3.77778992e+02, 1.90801773e+02,
       4.27936615e+02, 1.42522476e+02, 2.60900879e+02, 1.48909927e+02,
       3.08928558e+02, 1.55521042e+02, 3.57847900e+02, 1.62075714e+02,
       4.08040131e+02, 1.19886421e+02, 2.88268860e+02, 1.26106651e+02,
       3.37547272e+02, 1.32536743e+02, 3.87989777e+02, 1.38856812e+02,
       4.39750336e+02, 8.97472687e+01, 2.67046082e+02, 9.59984512e+01,
       3.17147125e+02, 1.02350159e+02, 3.67556885e+02, 1.08531792e+02,
       4.19724396e+02, 2.58641785e+02, 2.06934418e+02, 2.68190643e+02,
       2.47991608e+02, 2.77625092e+02, 2.88279572e+02, 2.87250031e+02,
       3.28772736e+02, 2.42662216e+02, 2.32482086e+02, 2.52456711e+02,
       2.73563965e+02, 2.62184784e+02, 3.14434174e+02, 2.71804352e+02,
       3.55354218e+02, 2.16675095e+02, 2.16890747e+02, 2.26605392e+02,
       2.58628265e+02, 2.36489197e+02, 2.99962250e+02, 2.46502930e+02,
       3.41321136e+02, 2.00065964e+02, 2.43056656e+02, 2.10123627e+02,
       2.85079041e+02, 2.20373566e+02, 3.27066223e+02, 2.30666885e+02,
       3.68773743e+02, 1.72742874e+02, 2.27007736e+02, 1.83135468e+02,
       2.70065857e+02, 1.93536209e+02, 3.12260132e+02, 2.04133041e+02,
       3.54691711e+02, 1.55285492e+02, 2.54165039e+02, 1.66042633e+02,
       2.97228485e+02, 1.76670319e+02, 3.40144165e+02, 1.87403122e+02,
       3.83170471e+02, 1.26710808e+02, 2.38094818e+02, 1.37516663e+02,
       2.81995026e+02, 1.48679764e+02, 3.25391846e+02, 1.59376938e+02,
       3.68787323e+02, 1.08449577e+02, 2.65982758e+02, 1.19621826e+02,
       3.10002106e+02, 1.30922165e+02, 3.54204376e+02, 1.42032043e+02,
       3.98219482e+02, 7.83678436e+01, 2.49620926e+02, 8.99320831e+01,
       2.94455872e+02, 1.01241203e+02, 3.39032593e+02, 1.12777664e+02,
       3.83645721e+02, 5.91345406e+01, 2.78307129e+02, 7.07017059e+01,
       3.23498993e+02, 8.25244141e+01, 3.68865112e+02, 9.43848038e+01,
       4.13929749e+02, 2.75293121e+01, 2.61574707e+02, 3.94580727e+01,
       3.07893860e+02, 5.15383720e+01, 3.53593933e+02, 6.34843636e+01,
       3.99566345e+02, 4.65113678e+02, 3.14355202e+01, 4.66847626e+02,
       6.44810791e+01, 4.68467499e+02, 9.75561523e+01, 4.70192780e+02,
       1.30919785e+02, 4.48999939e+02, 4.88272324e+01, 4.50705841e+02,
       8.16996460e+01, 4.52301208e+02, 1.15089737e+02, 4.53937531e+02,
       1.48573898e+02, 4.31325989e+02, 3.31593704e+01, 4.33013092e+02,
       6.59842148e+01, 4.34554291e+02, 9.90896606e+01, 4.36240082e+02,
       1.32639114e+02, 4.15404938e+02, 5.04128647e+01, 4.16854401e+02,
       8.33376465e+01, 4.18506042e+02, 1.16615639e+02, 4.20192200e+02,
       1.49880569e+02, 3.97837067e+02, 3.47370796e+01, 3.99363312e+02,
       6.77361908e+01, 4.00858459e+02, 1.00782982e+02, 4.02603333e+02,
       1.33975494e+02, 3.81819183e+02, 5.20363235e+01, 3.83371674e+02,
       8.50016556e+01, 3.84950104e+02, 1.18040932e+02, 3.86490021e+02,
       1.51380936e+02, 3.64444031e+02, 3.63918915e+01, 3.65872742e+02,
       6.92618103e+01, 3.67519012e+02, 1.02327072e+02, 3.68900177e+02,
       1.35337128e+02, 3.48495605e+02, 5.35720215e+01, 3.49994659e+02,
       8.64619904e+01, 3.51443512e+02, 1.19615959e+02, 3.53014099e+02,
       1.52705017e+02, 3.31129089e+02, 3.80500450e+01, 3.32550415e+02,
       7.08329391e+01, 3.34013184e+02, 1.03709755e+02, 3.35602966e+02,
       1.36865707e+02, 3.15337372e+02, 5.50451164e+01, 3.16626617e+02,
       8.78288803e+01, 3.18125519e+02, 1.20919052e+02, 3.19587555e+02,
       1.54003922e+02, 2.97954834e+02, 3.91755333e+01, 2.99232635e+02,
       7.19884186e+01, 3.00811920e+02, 1.04970131e+02, 3.02134827e+02,
       1.37963303e+02 ]
