%YAML:1.0
---
calibration_time: "sáb 17 mar 2018 19:55:17 -05"
nr_of_frames: 45
image_width: 640
image_height: 480
board_width: 7
board_height: 5
square_size: 27.
# flags: +zero_tangent_dist +fix_k4 +fix_k5
flags: 6152
fisheye_model: 0
camera_matrix: !!opencv-matrix
   rows: 3
   cols: 3
   dt: d
   data: [ 5.8516942932078950e+02, 0., 3.3222658200665268e+02, 0.,
       5.7895982788013134e+02, 2.3897630116382729e+02, 0., 0., 1. ]
distortion_coefficients: !!opencv-matrix
   rows: 5
   cols: 1
   dt: d
   data: [ 4.1935073645582611e-02, -3.2266952915295244e-01, 0., 0.,
       1.1823524145265372e+00 ]
avg_reprojection_error: 2.8442938935167899e+00
per_view_reprojection_errors: !!opencv-matrix
   rows: 45
   cols: 1
   dt: f
   data: [ 5.87906218e+00, 6.45562601e+00, 5.15101767e+00,
       6.63808823e+00, 5.24742413e+00, 4.34672117e+00, 5.38199282e+00,
       5.66508007e+00, 5.14683819e+00, 5.00253487e+00, 5.37048388e+00,
       4.33685303e+00, 2.24278376e-01, 2.94105291e-01, 2.51201570e-01,
       2.38195986e-01, 2.45511621e-01, 1.28701913e+00, 2.05121264e-01,
       2.32899934e-01, 2.71429271e-01, 1.89912751e-01, 2.38619179e-01,
       2.30856478e-01, 3.90545696e-01, 3.62995088e-01, 3.39757264e-01,
       4.63866591e-01, 3.93718958e-01, 6.99764848e-01, 7.03233063e-01,
       5.93370914e-01, 6.10140562e-01, 4.48897392e-01, 9.76776123e-01,
       4.65979517e-01, 4.84122872e-01, 5.32257915e-01, 5.48484445e-01,
       9.77204084e-01, 6.37461424e-01, 7.06097901e-01, 4.97018605e-01,
       9.39669728e-01, 7.81881809e-01 ]
# a set of 6-tuples (rotation vector + translation vector) for each view
extrinsic_parameters: !!opencv-matrix
   rows: 45
   cols: 6
   dt: d
   data: [ 1.6865021761563259e-01, -2.5790703327871251e-01,
       -1.1794640511024401e-01, -5.4510932052196480e+01,
       6.4993076438303078e+01, 1.2419225599589308e+03,
       -4.4622131167786960e-01, 1.9799946449788472e-01,
       1.3854295493344390e-01, -1.2276158048435195e+02,
       2.4183479732707423e+02, 1.3592513107563670e+03,
       3.3025076777929369e-01, -3.9154186714228351e-01,
       -4.0700445296295418e-01, -3.2237071384712840e+02,
       1.5186098194256107e+02, 1.2389057382391379e+03,
       5.8504231958942354e-01, -2.8935862105803645e-01,
       -3.0507277073249151e-01, -3.7206517951250180e+02,
       2.3092525765500135e+01, 1.2272736887902690e+03,
       8.6452772376267739e-01, -1.6629848165817748e-01,
       2.0026172932241737e-01, -4.0411481696470656e+02,
       -4.0180979855871567e+02, 1.1823754283799685e+03,
       -2.5286570578989093e-01, -3.2519985856691441e-01,
       -1.3889196341320345e-01, -5.9487163030787474e+02,
       -1.0217363323597030e+02, 1.2406728508987676e+03,
       2.4797230696391251e-01, -2.3426326631970598e-01,
       -2.9978875108292097e-01, -5.2884065420996546e+02,
       2.4935522601807904e+02, 1.1936030075809474e+03,
       -3.1301322620288718e-01, -9.2490867459468873e-01,
       -2.0344438241681523e-01, -5.2591863798064458e+02,
       3.1415431503623058e+01, 1.1598566060985422e+03,
       -6.9003767462689336e-01, -1.4444841141808706e-01,
       -1.3748252558838542e-01, 1.4274835103172143e+02,
       1.7216945731809287e+02, 1.3526740901666321e+03,
       -6.6741053175657783e-01, 4.0383659775120029e-01,
       2.1889471295938215e-03, 3.0277975100886630e+02,
       -3.6709548678710291e+02, 1.3698762120528627e+03,
       -2.2719336374682850e-01, -4.3144306116839476e-01,
       -3.5688803239123607e-01, 3.8667375224165517e+02,
       -8.6590812225605234e+01, 1.2820228432933902e+03,
       3.7617709262062082e-01, 4.4377805534195192e-01,
       3.0378336896937513e-01, 3.2628898051309073e+02,
       1.1329052935896827e+02, 1.2749654918970530e+03,
       -5.6736939355433259e-02, 7.1233153912786049e-02,
       -1.2982934438755248e-01, 2.0104867165441388e+02,
       -3.0485695728550587e+02, 9.6848952423796322e+02,
       2.8008315921288335e-01, 2.2603047055093856e-01,
       1.5745239000551337e-01, -6.4578489814891910e+01,
       -5.7384281756241364e+01, 9.0989109208625973e+02,
       2.1828730227442458e-01, -4.0623052636623103e-01,
       -9.3782998748289631e-02, -1.3565826655279878e+02,
       -2.4414129570410608e+02, 8.2825590799740348e+02,
       -3.4810389771848926e-01, -5.8736603926406616e-01,
       -1.8167606204770134e-01, -1.1769802317990415e+02,
       1.0296943306767660e+02, 7.9245195675755906e+02,
       2.5880468588044514e-01, -4.1726970701776506e-01,
       -1.8624172854716237e-01, -3.5712095023135669e+02,
       7.5643888602332211e+01, 8.4639937736080117e+02,
       -1.8389681628384349e-01, -4.2104261245503795e-02,
       -3.5046422747303585e-01, -3.1248757614550141e+02,
       -1.1578142007186142e+02, 8.9621930875782164e+02,
       8.0679215294302293e-03, -5.8455403393902483e-01,
       -4.0118070547036122e-01, -2.7585548524153188e+02,
       -2.0534130052431470e+02, 8.3501873209839414e+02,
       4.6101219898986234e-01, -1.3032911165780667e-01,
       -2.9936710936060679e-01, 4.0515594618210827e+01,
       -9.1784705662390664e+01, 6.7850161320806114e+02,
       5.6266527560126234e-01, -4.6518697294466343e-01,
       -2.1783570157443147e-02, 1.8338473548202860e+01,
       -2.1126526790652730e+02, 6.5611223510041816e+02,
       1.8467494425284689e-01, -2.9033240768286048e-02,
       2.8883694995539033e-01, 4.8797187895086530e+01,
       -2.8772985074810958e+01, 6.7698911200024770e+02,
       1.9177421753464918e-01, -7.6816182901068675e-02,
       -1.3042210166511237e-01, 4.3563072424974429e+01,
       1.0858531747307931e+02, 6.8829235837886563e+02,
       5.3114195488254434e-01, -3.1022137549208889e-01,
       2.1174881034331036e-01, 1.0316321747837341e+02,
       -2.2849852862064077e+02, 6.9213917384055708e+02,
       9.9595317310834861e-02, -6.3050759266189826e-01,
       -2.0678509364840381e-01, -1.9140957967333807e+02,
       -1.1992693345168443e+02, 4.7212329490147539e+02,
       -2.1792493300524820e-02, -6.0921386694919455e-01,
       -8.6623017585967674e-02, -1.6978960243789140e+02,
       -1.1572841787155593e+01, 4.4222015562742428e+02,
       -3.6203052000716895e-01, -4.1904386937455784e-01,
       2.1835887896956030e-01, -1.4313692470510605e+02,
       -2.2895193128261006e+01, 4.7655299926396214e+02,
       2.9679967817555675e-01, -8.6576151963801340e-01,
       -2.5853263596376203e-01, -1.9260274500633534e+02,
       -1.3267217380932874e+02, 4.4663655889360149e+02,
       6.3320923435804241e-02, -4.8245024166732436e-01,
       -2.9640196959192650e-01, -1.8275056184341881e+02,
       -4.3627373415171476e+01, 4.6707795367343476e+02,
       -1.0034179880748516e-01, 2.7824521474424074e-01,
       -2.3189329120494463e-02, 2.2036718400106963e+01,
       -6.3815712521825709e+01, 4.8440463238388975e+02,
       3.1825271876909439e-01, 4.2547676003979990e-02,
       -3.1758743238130288e-01, -4.1519295743175149e+01,
       -3.3634557017429401e+01, 4.1622739827876097e+02,
       -3.8483863519907741e-01, 1.2601412198948119e-02,
       8.1130196747399339e-02, -9.6941459847201031e+01,
       -9.3990098995247024e+01, 3.8449268528126112e+02,
       -6.4399383723048223e-02, -1.4425572728349317e-01,
       -3.7629243137068324e-01, -8.1302902041162881e+01,
       -5.5443140071556574e+00, 3.8440145364018144e+02,
       1.5332191620592125e-01, -3.4247479762028771e-01,
       1.8582136222549547e-02, -5.1389444031546489e+01,
       -4.6539648725442561e+01, 3.5984962415743757e+02,
       -6.1227164484180849e-02, -2.8364124477806101e-02,
       -3.3266856486693794e-02, -9.8960313639266495e+00,
       8.2405426850861456e+00, 4.0594224118567439e+02,
       3.2710053876952822e-01, -2.5512831892676047e-01,
       -3.8737935872026463e-01, -4.9909650614090936e+01,
       -7.6283776304454719e+01, 3.9613752490399116e+02,
       7.9827291934983557e-02, -2.5398771721038071e-01,
       -1.1593579843333199e-01, -1.1621831701633185e+02,
       -6.5529512247828805e+01, 3.1967064121470133e+02,
       3.2621833689895896e-01, -2.5640654398918089e-01,
       5.0646115074792136e-02, -1.2992029246357203e+02,
       -9.8384228805897649e+01, 3.3170423274565610e+02,
       -2.4473779904107876e-01, 2.1491211149277784e-01,
       1.7191721059013898e-01, -8.7824387145279459e+01,
       -7.9101026471148259e+01, 3.7699684266329024e+02,
       -2.4811541289358897e-02, -2.4582174238437712e-01,
       -2.8770867073121448e-01, -8.9962460650025918e+01,
       -1.8837451468622422e+01, 2.9789327876676310e+02,
       4.4953332431051507e-01, -3.4356484334457621e-01,
       1.6491067191767902e-01, -1.2021403356955994e+02,
       -6.6352071065383953e+01, 2.8774924171976670e+02,
       1.7726091900730967e-03, 6.3355574130826639e-02,
       -1.3342351031291796e-02, -2.4714554486692769e+01,
       -6.6482299917879502e+01, 3.5932583510233252e+02,
       1.0456554516924466e-01, 3.1729068898099727e-04,
       -1.5040166656608292e-01, -2.5495425453741426e+01,
       -4.1306382692636589e+01, 3.2527844639415912e+02,
       -1.9800313341322040e-01, -1.6095566215921828e-01,
       3.1551105656578572e-02, -9.2109634333630410e+01,
       -4.4713359288682618e+01, 2.9631452083837337e+02,
       -2.0888352071237046e-01, -5.5195344182509744e-02,
       1.4835382468227715e-01, -1.0585387608788618e+02,
       -7.6421070287229313e+01, 3.3748368825263850e+02 ]
image_points: !!opencv-matrix
   rows: 45
   cols: 35
   dt: "2f"
   data: [ 3.07853119e+02, 2.67036285e+02, 3.19670166e+02,
       2.65993408e+02, 3.31768921e+02, 2.70615662e+02, 3.31683319e+02,
       2.64336639e+02, 3.57169464e+02, 2.61649078e+02, 3.70546082e+02,
       2.65513092e+02, 3.69431274e+02, 2.57256653e+02, 3.07710022e+02,
       2.80423248e+02, 3.22877014e+02, 2.84562958e+02, 3.34453369e+02,
       2.83084778e+02, 3.48061615e+02, 2.80267822e+02, 3.57824677e+02,
       2.68439362e+02, 3.72658844e+02, 2.78569244e+02, 3.77512421e+02,
       2.72342316e+02, 3.03476440e+02, 2.86759308e+02, 3.22457123e+02,
       2.91816254e+02, 3.34395660e+02, 2.83300018e+02, 3.47959808e+02,
       2.80546753e+02, 3.57949768e+02, 2.79542572e+02, 3.72924347e+02,
       2.78969940e+02, 3.73010590e+02, 2.78920227e+02, 3.05147888e+02,
       3.06438507e+02, 3.18289062e+02, 3.04821350e+02, 3.37859802e+02,
       3.03125427e+02, 3.49559875e+02, 2.95683502e+02, 3.63680847e+02,
       3.04038513e+02, 3.73662201e+02, 2.92032013e+02, 3.81364166e+02,
       2.97354156e+02, 3.06736694e+02, 3.19574799e+02, 3.25051758e+02,
       3.16961304e+02, 3.32551208e+02, 3.16427460e+02, 3.50477295e+02,
       3.05778748e+02, 3.58169403e+02, 3.13361145e+02, 3.75915161e+02,
       3.04350098e+02, 3.76208374e+02, 3.04311005e+02, 2.82375641e+02,
       3.47493927e+02, 2.89403534e+02, 3.41777405e+02, 3.07587433e+02,
       3.49593170e+02, 3.19651428e+02, 3.42878204e+02, 3.20232483e+02,
       3.46477875e+02, 3.39027222e+02, 3.49035370e+02, 3.53488708e+02,
       3.50981476e+02, 2.81471283e+02, 3.54536682e+02, 2.81545959e+02,
       3.54171844e+02, 2.94781586e+02, 3.49316223e+02, 3.06228363e+02,
       3.57423737e+02, 3.19816254e+02, 3.52002014e+02, 3.32001740e+02,
       3.61247345e+02, 3.43469940e+02, 3.68238800e+02, 2.71485901e+02,
       3.71822571e+02, 2.81197510e+02, 3.58470062e+02, 2.89350250e+02,
       3.74482666e+02, 3.04001038e+02, 3.76287781e+02, 3.16882385e+02,
       3.72234009e+02, 3.35539032e+02, 3.74373016e+02, 3.42342865e+02,
       3.75567291e+02, 2.79708496e+02, 3.74004089e+02, 2.83813721e+02,
       3.80186951e+02, 2.89291901e+02, 3.74747955e+02, 3.03924133e+02,
       3.76582367e+02, 3.14380524e+02, 3.89920197e+02, 3.40447418e+02,
       3.88120300e+02, 3.40500092e+02, 3.87679962e+02, 2.66053772e+02,
       3.84468506e+02, 2.88410278e+02, 3.94355469e+02, 2.88553894e+02,
       3.94270905e+02, 3.14049774e+02, 3.90225128e+02, 3.14246338e+02,
       3.90252838e+02, 3.26303925e+02, 3.91840424e+02, 3.39049408e+02,
       4.01376892e+02, 1.85069305e+02, 3.11089691e+02, 1.87701996e+02,
       3.07326721e+02, 2.00574677e+02, 2.95873260e+02, 2.10810181e+02,
       2.96009613e+02, 2.32640671e+02, 2.84904694e+02, 2.36756882e+02,
       2.80649872e+02, 2.41487366e+02, 2.73521881e+02, 1.83352707e+02,
       3.18831543e+02, 1.94042191e+02, 3.13085358e+02, 2.05908768e+02,
       3.07489655e+02, 2.24598557e+02, 3.02690735e+02, 2.29237152e+02,
       2.96210785e+02, 2.48075714e+02, 2.94243011e+02, 2.52319000e+02,
       2.91992584e+02, 1.93957840e+02, 3.31059387e+02, 1.98854004e+02,
       3.24001038e+02, 2.11051285e+02, 3.19096558e+02, 2.26404404e+02,
       3.03338074e+02, 2.34607544e+02, 3.08814423e+02, 2.48613174e+02,
       2.95584442e+02, 2.52326172e+02, 2.94153473e+02, 1.93029526e+02,
       3.35275085e+02, 2.04253571e+02, 3.36197998e+02, 2.16763947e+02,
       3.29935608e+02, 2.28273285e+02, 3.25183411e+02, 2.41949966e+02,
       3.14092285e+02, 2.58216644e+02, 3.15840973e+02, 2.65265076e+02,
       3.02174164e+02, 2.06726334e+02, 3.55621979e+02, 2.10210770e+02,
       3.40528290e+02, 2.21181992e+02, 3.42520325e+02, 2.33406265e+02,
       3.30219147e+02, 2.35855026e+02, 3.30067352e+02, 2.58233826e+02,
       3.16258514e+02, 2.61144989e+02, 3.16049103e+02, 1.51854584e+02,
       2.45819656e+02, 1.65427780e+02, 2.47380783e+02, 1.85483170e+02,
       2.41137329e+02, 1.88183411e+02, 2.39226791e+02, 2.10417191e+02,
       2.31333908e+02, 2.12860535e+02, 2.30008743e+02, 2.20777817e+02,
       2.17792511e+02, 1.54337006e+02, 2.65241241e+02, 1.69041977e+02,
       2.53606171e+02, 1.81139694e+02, 2.54955704e+02, 2.04787476e+02,
       2.46341461e+02, 2.09957397e+02, 2.31834595e+02, 2.18650742e+02,
       2.35983704e+02, 2.30183609e+02, 2.37877533e+02, 1.69416962e+02,
       2.71616272e+02, 1.74390518e+02, 2.58410797e+02, 1.95854370e+02,
       2.63774078e+02, 2.04601273e+02, 2.46422882e+02, 2.05989807e+02,
       2.59735779e+02, 2.23497879e+02, 2.47445511e+02, 2.30028992e+02,
       2.38116318e+02, 1.69264679e+02, 2.71976379e+02, 1.77037888e+02,
       2.70273834e+02, 1.90724319e+02, 2.72708008e+02, 2.02882492e+02,
       2.68220032e+02, 2.19921814e+02, 2.57830811e+02, 2.38075562e+02,
       2.60629242e+02, 2.39200806e+02, 2.60108337e+02, 1.71303116e+02,
       2.96263214e+02, 1.83442657e+02, 2.81511688e+02, 1.89744095e+02,
       2.79415649e+02, 2.10918549e+02, 2.69989929e+02, 2.13629181e+02,
       2.68608673e+02, 2.38567184e+02, 2.60449646e+02, 2.38690063e+02,
       2.60566162e+02, 1.33794037e+02, 4.22519875e+01, 1.46959381e+02,
       3.75393753e+01, 1.60481110e+02, 4.06584053e+01, 1.73055084e+02,
       4.25572395e+01, 1.86302704e+02, 4.60849419e+01, 1.98483994e+02,
       5.36919594e+01, 2.15340591e+02, 5.63757935e+01, 1.31986359e+02,
       5.53405418e+01, 1.45410568e+02, 5.72146645e+01, 1.58874207e+02,
       5.93557739e+01, 1.71687653e+02, 6.16000977e+01, 1.84359894e+02,
       6.33047752e+01, 1.90500336e+02, 6.38444633e+01, 2.10064789e+02,
       6.91406174e+01, 1.31679825e+02, 6.15187569e+01, 1.44343353e+02,
       6.99181366e+01, 1.58011765e+02, 6.59861603e+01, 1.75707153e+02,
       7.65734100e+01, 1.75788376e+02, 7.67284164e+01, 2.02862991e+02,
       8.01680984e+01, 2.12252686e+02, 8.15489960e+01, 1.30763733e+02,
       7.95688553e+01, 1.43212708e+02, 8.26721039e+01, 1.56181168e+02,
       8.43262482e+01, 1.75692657e+02, 7.67947693e+01, 1.87395157e+02,
       8.90388565e+01, 2.02889038e+02, 8.03029709e+01, 2.07181992e+02,
       9.31818237e+01, 1.30739197e+02, 7.97645111e+01, 1.42912704e+02,
       9.15266953e+01, 1.56092346e+02, 8.45356598e+01, 1.69086365e+02,
       8.61897430e+01, 1.87436935e+02, 8.91608276e+01, 2.00925659e+02,
       9.25180511e+01, 2.07221527e+02, 9.32779312e+01, 4.95552788e+01,
       1.95704788e+02, 6.34895210e+01, 1.87883804e+02, 7.74893265e+01,
       1.87462814e+02, 9.14805069e+01, 1.86481079e+02, 1.05233368e+02,
       1.85660065e+02, 1.18712006e+02, 1.84952606e+02, 1.31947693e+02,
       1.84459381e+02, 5.01864395e+01, 2.01539597e+02, 6.50142212e+01,
       2.07372665e+02, 7.88863754e+01, 2.00282822e+02, 9.25050964e+01,
       1.99626801e+02, 1.06460220e+02, 1.98657806e+02, 1.20273224e+02,
       2.02715103e+02, 1.33877121e+02, 2.03088531e+02, 5.16757431e+01,
       2.15506180e+02, 6.55160751e+01, 2.13894333e+02, 8.00561829e+01,
       2.12933807e+02, 9.28415146e+01, 2.04796570e+02, 1.07952049e+02,
       2.17678604e+02, 1.21821091e+02, 2.15645538e+02, 1.33831726e+02,
       2.03306198e+02, 5.28378334e+01, 2.28477875e+02, 6.74204483e+01,
       2.27009857e+02, 8.01684189e+01, 2.19004059e+02, 9.53759766e+01,
       2.29435394e+02, 1.09682144e+02, 2.28722916e+02, 1.22404877e+02,
       2.27444672e+02, 1.34454254e+02, 2.13995209e+02, 5.33012695e+01,
       2.32318207e+02, 6.84660492e+01, 2.39658096e+02, 8.29432831e+01,
       2.43291077e+02, 9.62884750e+01, 2.36961426e+02, 1.09692223e+02,
       2.28841507e+02, 1.22425720e+02, 2.27676880e+02, 1.36132217e+02,
       2.36735672e+02, 7.28673477e+01, 3.61986206e+02, 8.64227524e+01,
       3.57560913e+02, 9.90278091e+01, 3.52499664e+02, 1.11882950e+02,
       3.47738831e+02, 1.24398064e+02, 3.41510315e+02, 1.38536331e+02,
       3.38692139e+02, 1.46122253e+02, 3.31197479e+02, 7.65718002e+01,
       3.75407166e+02, 9.00816574e+01, 3.68161499e+02, 1.02967651e+02,
       3.63634521e+02, 1.16169884e+02, 3.59124878e+02, 1.30053589e+02,
       3.57496429e+02, 1.41347183e+02, 3.54213654e+02, 1.55889938e+02,
       3.37680573e+02, 7.77366257e+01, 3.77573944e+02, 9.07327957e+01,
       3.71622986e+02, 1.07222404e+02, 3.75946747e+02, 1.26793846e+02,
       3.60546356e+02, 1.33279541e+02, 3.72581116e+02, 1.50205338e+02,
       3.55091858e+02, 1.57513596e+02, 3.56371368e+02, 8.14470139e+01,
       3.87187622e+02, 9.84189224e+01, 3.93047180e+02, 1.21103691e+02,
       3.77687378e+02, 1.23620575e+02, 3.77296906e+02, 1.38329971e+02,
       3.73466370e+02, 1.57746597e+02, 3.74679108e+02, 1.63541656e+02,
       3.59950287e+02, 9.02369690e+01, 4.12422058e+02, 1.05486786e+02,
       3.97084625e+02, 1.16298485e+02, 4.02710083e+02, 1.28400269e+02,
       3.95323090e+02, 1.41996994e+02, 3.89913910e+02, 1.59543884e+02,
       3.75276031e+02, 1.65602524e+02, 3.80747772e+02, 6.36044693e+01,
       2.53535583e+02, 7.73021011e+01, 2.52222290e+02, 9.54965897e+01,
       2.50606644e+02, 1.07487907e+02, 2.49798798e+02, 1.07657440e+02,
       2.49822739e+02, 1.21519394e+02, 2.54042160e+02, 1.32474121e+02,
       2.53379761e+02, 6.56634903e+01, 2.67217590e+02, 7.92255630e+01,
       2.65721954e+02, 9.76859360e+01, 2.64077515e+02, 1.10645462e+02,
       2.67742096e+02, 1.22241913e+02, 2.65908142e+02, 1.34731064e+02,
       2.65608978e+02, 1.34906998e+02, 2.65794922e+02, 6.82689972e+01,
       2.80848114e+02, 8.75781479e+01, 2.78672516e+02, 9.94857635e+01,
       2.76332275e+02, 1.10718056e+02, 2.68126038e+02, 1.24901016e+02,
       2.79972626e+02, 1.35889130e+02, 2.72191528e+02, 1.37225632e+02,
       2.77398773e+02, 7.00825119e+01, 2.94251801e+02, 8.93970032e+01,
       2.91544159e+02, 1.03464539e+02, 2.94891510e+02, 1.14211273e+02,
       2.92834900e+02, 1.26621674e+02, 2.91592712e+02, 1.39304459e+02,
       2.89276184e+02, 1.45757416e+02, 2.77106232e+02, 7.19715347e+01,
       3.07998260e+02, 9.07153244e+01, 3.04929260e+02, 1.05575302e+02,
       3.09980896e+02, 1.14326279e+02, 2.93268494e+02, 1.27671593e+02,
       3.03687439e+02, 1.39303665e+02, 2.89392120e+02, 1.39303757e+02,
       2.89373322e+02, 3.95140686e+02, 3.10305206e+02, 4.07749939e+02,
       3.16334106e+02, 4.20494568e+02, 3.14789612e+02, 4.20704712e+02,
       3.14754791e+02, 4.33284729e+02, 3.14387482e+02, 4.45806732e+02,
       3.14646149e+02, 4.55322327e+02, 3.02885925e+02, 3.96419525e+02,
       3.16926239e+02, 4.07732391e+02, 3.16447754e+02, 4.20476715e+02,
       3.14809509e+02, 4.32906006e+02, 3.14306458e+02, 4.45487396e+02,
       3.14620850e+02, 4.57370422e+02, 3.13545013e+02, 4.67733673e+02,
       3.13328064e+02, 3.98631470e+02, 3.29160980e+02, 4.12070404e+02,
       3.40317841e+02, 4.22986328e+02, 3.28006256e+02, 4.35685455e+02,
       3.26146301e+02, 4.47872284e+02, 3.24836365e+02, 4.60812378e+02,
       3.24469116e+02, 4.61217651e+02, 3.24464325e+02, 4.03191528e+02,
       3.52739227e+02, 4.12049774e+02, 3.40422485e+02, 4.25731384e+02,
       3.39347382e+02, 4.38342957e+02, 3.38532257e+02, 4.50985596e+02,
       3.38967712e+02, 4.64190125e+02, 3.37150391e+02, 4.73180054e+02,
       3.35108093e+02, 4.03219574e+02, 3.52781769e+02, 4.14952942e+02,
       3.52356201e+02, 4.27821503e+02, 3.52231537e+02, 4.41398285e+02,
       3.49944489e+02, 4.53443665e+02, 3.49159851e+02, 4.66567047e+02,
       3.48229156e+02, 4.66889374e+02, 3.48212341e+02, 4.70483978e+02,
       8.16684418e+01, 4.70410767e+02, 8.18659668e+01, 4.82500397e+02,
       7.98608704e+01, 4.94617828e+02, 7.72791061e+01, 5.05479156e+02,
       7.34791718e+01, 5.25705750e+02, 6.99501038e+01, 5.38226929e+02,
       6.69547119e+01, 4.70130829e+02, 8.70562057e+01, 4.76622559e+02,
       8.56885071e+01, 4.83205292e+02, 8.41223679e+01, 4.94456055e+02,
       7.75728073e+01, 5.05507477e+02, 7.33464279e+01, 5.26098755e+02,
       7.96238480e+01, 5.33263245e+02, 7.82317505e+01, 4.62238922e+02,
       9.75177612e+01, 4.71292023e+02, 9.64047623e+01, 4.81815613e+02,
       9.44184723e+01, 4.93765717e+02, 8.63487930e+01, 5.06785034e+02,
       9.04168930e+01, 5.26741394e+02, 8.93519897e+01, 5.39392883e+02,
       8.15356064e+01, 4.71041046e+02, 1.10536667e+02, 4.71038940e+02,
       1.10543816e+02, 4.81498352e+02, 1.03108307e+02, 5.01124817e+02,
       9.49317169e+01, 5.14250122e+02, 9.67488632e+01, 5.27230652e+02,
       9.87530289e+01, 5.39582764e+02, 8.61093903e+01, 4.61819519e+02,
       1.12158188e+02, 4.71102478e+02, 1.10545319e+02, 4.81627625e+02,
       1.08303520e+02, 5.01175140e+02, 1.03886696e+02, 5.14648865e+02,
       1.01520706e+02, 5.27239441e+02, 9.89199829e+01, 5.40015015e+02,
       9.62093277e+01, 5.10662628e+02, 1.96082504e+02, 5.19006226e+02,
       1.94669800e+02, 5.19361633e+02, 1.94319214e+02, 5.34608093e+02,
       1.89991516e+02, 5.37353027e+02, 1.87805023e+02, 5.54845642e+02,
       1.87835114e+02, 5.56892212e+02, 1.85091431e+02, 5.15399841e+02,
       2.09135147e+02, 5.15640503e+02, 2.08820847e+02, 5.33822876e+02,
       2.04672821e+02, 5.45270386e+02, 2.01301361e+02, 5.48467407e+02,
       1.97448990e+02, 5.64445068e+02, 1.97206299e+02, 5.64702881e+02,
       1.98438919e+02, 5.17637390e+02, 2.13064636e+02, 5.29668518e+02,
       2.18552643e+02, 5.35374695e+02, 2.16966446e+02, 5.48901672e+02,
       2.13580429e+02, 5.60748413e+02, 2.11865128e+02, 5.64997009e+02,
       1.99021149e+02, 5.65001221e+02, 1.99030945e+02, 5.27380737e+02,
       2.36043365e+02, 5.31525696e+02, 2.32523758e+02, 5.40721924e+02,
       2.29138733e+02, 5.49704041e+02, 2.25800430e+02, 5.55026123e+02,
       2.21534256e+02, 5.74406982e+02, 2.17431931e+02, 5.73727600e+02,
       2.07323471e+02, 5.33816040e+02, 2.50357574e+02, 5.36768555e+02,
       2.45375992e+02, 5.48057495e+02, 2.31008133e+02, 5.56983704e+02,
       2.27752243e+02, 5.59863586e+02, 2.33252625e+02, 5.73466125e+02,
       2.29979370e+02, 5.74560059e+02, 2.18300095e+02, 4.81478210e+02,
       2.93795563e+02, 4.95109100e+02, 2.92321869e+02, 5.10530212e+02,
       3.04184509e+02, 5.20654175e+02, 3.02235870e+02, 5.28164124e+02,
       3.11402069e+02, 5.45075439e+02, 3.11406097e+02, 5.58538086e+02,
       3.19165039e+02, 4.78757507e+02, 2.99377625e+02, 4.90322510e+02,
       3.04341980e+02, 4.97147186e+02, 3.13108124e+02, 5.15235962e+02,
       3.07276978e+02, 5.25877747e+02, 3.22405365e+02, 5.42493347e+02,
       3.30667389e+02, 5.52436401e+02, 3.30555023e+02, 4.72946320e+02,
       3.11129120e+02, 4.85455109e+02, 3.16235535e+02, 4.98237457e+02,
       3.20874023e+02, 5.06411072e+02, 3.33016388e+02, 5.23389648e+02,
       3.31159729e+02, 5.27635803e+02, 3.42474884e+02, 5.49117798e+02,
       3.41300140e+02, 4.79063385e+02, 3.20896332e+02, 4.80995514e+02,
       3.27950775e+02, 4.93405457e+02, 3.32819458e+02, 5.06794891e+02,
       3.38146484e+02, 5.18192566e+02, 3.43315369e+02, 5.31318848e+02,
       3.48187103e+02, 5.43050842e+02, 3.53315002e+02, 4.62438538e+02,
       3.28869537e+02, 4.84243225e+02, 3.38776703e+02, 4.88375641e+02,
       3.39037537e+02, 5.05363831e+02, 3.40532227e+02, 5.12378967e+02,
       3.46069397e+02, 5.26337341e+02, 3.60112701e+02, 5.40286072e+02,
       3.59692810e+02, 4.53978027e+02, 5.61852798e+01, 4.70522064e+02,
       5.35816231e+01, 4.87263580e+02, 5.08717194e+01, 5.03830017e+02,
       4.82287407e+01, 5.20705750e+02, 4.54886589e+01, 5.37644531e+02,
       4.26225357e+01, 5.54652527e+02, 4.00811386e+01, 4.56223602e+02,
       7.22270966e+01, 4.73008636e+02, 6.98451767e+01, 4.89502350e+02,
       6.70399017e+01, 5.06432983e+02, 6.44577408e+01, 5.23115112e+02,
       6.17017441e+01, 5.40227600e+02, 5.90106354e+01, 5.56988403e+02,
       5.63673401e+01, 4.58741455e+02, 8.79925003e+01, 4.75241669e+02,
       8.54017334e+01, 4.91811218e+02, 8.31280746e+01, 5.08661621e+02,
       8.03493958e+01, 5.25467773e+02, 7.76677475e+01, 5.42379639e+02,
       7.51600113e+01, 5.59531189e+02, 7.24884109e+01, 4.60681702e+02,
       1.03673935e+02, 4.77399841e+02, 1.01238785e+02, 4.93983765e+02,
       9.88216934e+01, 5.10862549e+02, 9.63825531e+01, 5.27622681e+02,
       9.38843842e+01, 5.44742859e+02, 9.13757019e+01, 5.61984192e+02,
       8.86353455e+01, 4.62875336e+02, 1.19316925e+02, 4.79419861e+02,
       1.17204315e+02, 4.96390747e+02, 1.14837898e+02, 5.13003113e+02,
       1.12340813e+02, 5.30026672e+02, 1.09808708e+02, 5.47220947e+02,
       1.07281944e+02, 5.64237427e+02, 1.04636971e+02, 2.90341278e+02,
       2.02780365e+02, 3.07293213e+02, 2.05708405e+02, 3.23656647e+02,
       2.08393799e+02, 3.40891357e+02, 2.11445923e+02, 3.58284027e+02,
       2.14305008e+02, 3.75553986e+02, 2.17417923e+02, 3.93212280e+02,
       2.20282211e+02, 2.89102142e+02, 2.19327347e+02, 3.05305908e+02,
       2.22328598e+02, 3.22108154e+02, 2.25251038e+02, 3.38779816e+02,
       2.28236832e+02, 3.55863312e+02, 2.31255356e+02, 3.73354248e+02,
       2.34556915e+02, 3.90619354e+02, 2.37643387e+02, 2.87396179e+02,
       2.35312744e+02, 3.03654694e+02, 2.38325623e+02, 3.20048859e+02,
       2.41644165e+02, 3.36719543e+02, 2.44503464e+02, 3.53336029e+02,
       2.47756897e+02, 3.70490204e+02, 2.51165558e+02, 3.87939972e+02,
       2.54535614e+02, 2.85521515e+02, 2.50878891e+02, 3.01624359e+02,
       2.54336777e+02, 3.17972931e+02, 2.57250305e+02, 3.34635406e+02,
       2.60666687e+02, 3.51220642e+02, 2.64075378e+02, 3.67926544e+02,
       2.67504700e+02, 3.84961792e+02, 2.70837585e+02, 2.83672211e+02,
       2.66329895e+02, 2.99819916e+02, 2.69545044e+02, 3.16040802e+02,
       2.73015717e+02, 3.32052826e+02, 2.76321716e+02, 3.48816833e+02,
       2.79831696e+02, 3.65577881e+02, 2.83541901e+02, 3.82230042e+02,
       2.87329224e+02, 2.36164017e+02, 6.75495529e+01, 2.54573425e+02,
       6.73019485e+01, 2.72610260e+02, 6.71465378e+01, 2.90318359e+02,
       6.66976166e+01, 3.07626862e+02, 6.64167633e+01, 3.23895294e+02,
       6.61636429e+01, 3.40752747e+02, 6.58168945e+01, 2.37706711e+02,
       8.74674530e+01, 2.56221832e+02, 8.67158661e+01, 2.74130951e+02,
       8.62801132e+01, 2.91300507e+02, 8.57326965e+01, 3.08310181e+02,
       8.53515549e+01, 3.25176819e+02, 8.49185715e+01, 3.41115204e+02,
       8.41063385e+01, 2.39214813e+02, 1.06847000e+02, 2.57320831e+02,
       1.06097771e+02, 2.75160034e+02, 1.04979340e+02, 2.92510742e+02,
       1.04229187e+02, 3.09349182e+02, 1.03734291e+02, 3.25810303e+02,
       1.02872604e+02, 3.41620544e+02, 1.01884377e+02, 2.40883438e+02,
       1.25697495e+02, 2.58936981e+02, 1.24847206e+02, 2.76403290e+02,
       1.23560966e+02, 2.93432861e+02, 1.22466957e+02, 3.10456238e+02,
       1.21624481e+02, 3.26623901e+02, 1.20503113e+02, 3.43021423e+02,
       1.19339043e+02, 2.42747864e+02, 1.44578033e+02, 2.60239197e+02,
       1.43237930e+02, 2.77855438e+02, 1.41994003e+02, 2.94934631e+02,
       1.40342804e+02, 3.11399200e+02, 1.39397095e+02, 3.27806396e+02,
       1.37766937e+02, 3.43583893e+02, 1.36764481e+02, 2.45388687e+02,
       3.14277191e+02, 2.62881866e+02, 3.11478851e+02, 2.79657135e+02,
       3.08740051e+02, 2.96222870e+02, 3.06149200e+02, 3.12013245e+02,
       3.03702881e+02, 3.27247528e+02, 3.01146027e+02, 3.41860077e+02,
       2.98689728e+02, 2.49981155e+02, 3.33611816e+02, 2.67614777e+02,
       3.30458771e+02, 2.84603882e+02, 3.27319031e+02, 3.00981842e+02,
       3.24296631e+02, 3.16746185e+02, 3.21524200e+02, 3.32289948e+02,
       3.18686798e+02, 3.46866394e+02, 3.15959991e+02, 2.54637192e+02,
       3.53101166e+02, 2.72435486e+02, 3.49476959e+02, 2.89424561e+02,
       3.46208038e+02, 3.05850006e+02, 3.42763397e+02, 3.21765869e+02,
       3.39483246e+02, 3.37123352e+02, 3.36431091e+02, 3.51986877e+02,
       3.33408112e+02, 2.59202881e+02, 3.72604919e+02, 2.76974823e+02,
       3.68825806e+02, 2.94240967e+02, 3.65230896e+02, 3.10688385e+02,
       3.61427368e+02, 3.26815857e+02, 3.57793243e+02, 3.42413177e+02,
       3.54476624e+02, 3.57347839e+02, 3.50983215e+02, 2.63674805e+02,
       3.92830475e+02, 2.81570740e+02, 3.88561401e+02, 2.98750397e+02,
       3.84527649e+02, 3.15593506e+02, 3.80451355e+02, 3.31549469e+02,
       3.76537201e+02, 3.47233429e+02, 3.72683807e+02, 3.62225739e+02,
       3.69139374e+02, 8.45379562e+01, 2.91069336e+02, 1.04177132e+02,
       2.86202820e+02, 1.23391609e+02, 2.81554047e+02, 1.41736633e+02,
       2.76601562e+02, 1.59992752e+02, 2.72052582e+02, 1.77936371e+02,
       2.67500244e+02, 1.95386124e+02, 2.62975433e+02, 8.91904831e+01,
       3.08146698e+02, 1.08549377e+02, 3.02985321e+02, 1.27346069e+02,
       2.98136169e+02, 1.45798218e+02, 2.93266846e+02, 1.63821045e+02,
       2.88524902e+02, 1.81579620e+02, 2.83748444e+02, 1.98866440e+02,
       2.79415985e+02, 9.35636673e+01, 3.24641418e+02, 1.12561699e+02,
       3.19523895e+02, 1.31612396e+02, 3.14390076e+02, 1.49630066e+02,
       3.09425293e+02, 1.67651245e+02, 3.04499146e+02, 1.85146454e+02,
       3.00035492e+02, 2.02228104e+02, 2.95157440e+02, 9.76262360e+01,
       3.40975433e+02, 1.16829544e+02, 3.35607483e+02, 1.35278854e+02,
       3.30428955e+02, 1.53382507e+02, 3.25156586e+02, 1.71110550e+02,
       3.20586792e+02, 1.88524475e+02, 3.15625244e+02, 2.05589310e+02,
       3.10854309e+02, 1.01800804e+02, 3.56913025e+02, 1.20541443e+02,
       3.51416473e+02, 1.38802200e+02, 3.46270966e+02, 1.56984116e+02,
       3.41104706e+02, 1.74456024e+02, 3.36066254e+02, 1.91663269e+02,
       3.31075836e+02, 2.08437744e+02, 3.26466858e+02, 1.24779076e+02,
       1.63913773e+02, 1.43356461e+02, 1.57919937e+02, 1.61339722e+02,
       1.51962433e+02, 1.79153610e+02, 1.46158859e+02, 1.96542923e+02,
       1.40444244e+02, 2.13427933e+02, 1.34855042e+02, 2.30256943e+02,
       1.29328156e+02, 1.31183472e+02, 1.80843109e+02, 1.49606583e+02,
       1.74828476e+02, 1.67340729e+02, 1.68692505e+02, 1.84686523e+02,
       1.62783875e+02, 2.01736145e+02, 1.57062469e+02, 2.18586792e+02,
       1.51419296e+02, 2.34821335e+02, 1.45862823e+02, 1.37574615e+02,
       1.97063248e+02, 1.55300735e+02, 1.90871857e+02, 1.72839127e+02,
       1.84890930e+02, 1.89872498e+02, 1.78790939e+02, 2.06764420e+02,
       1.73194138e+02, 2.23265381e+02, 1.67346710e+02, 2.39545456e+02,
       1.61778046e+02, 1.43413467e+02, 2.12644958e+02, 1.61040222e+02,
       2.06472107e+02, 1.78039154e+02, 2.00418381e+02, 1.95008743e+02,
       1.94343369e+02, 2.11626114e+02, 1.88572250e+02, 2.28099472e+02,
       1.82883820e+02, 2.43892090e+02, 1.77358383e+02, 1.48990768e+02,
       2.27732208e+02, 1.66349854e+02, 2.21520355e+02, 1.83418839e+02,
       2.15477051e+02, 1.99939346e+02, 2.09478256e+02, 2.16331589e+02,
       2.03741653e+02, 2.32271744e+02, 1.97764038e+02, 2.47964615e+02,
       1.92181229e+02, 1.38325027e+02, 9.57865677e+01, 1.55679947e+02,
       9.14208984e+01, 1.72754074e+02, 8.74984818e+01, 1.89030106e+02,
       8.34018402e+01, 2.04794662e+02, 7.94542465e+01, 2.20120392e+02,
       7.55855713e+01, 2.34769241e+02, 7.20139694e+01, 1.46006302e+02,
       1.14117867e+02, 1.63426727e+02, 1.09228218e+02, 1.80172913e+02,
       1.04920555e+02, 1.96261200e+02, 1.00446968e+02, 2.11763550e+02,
       9.64399261e+01, 2.26953888e+02, 9.22303467e+01, 2.41536301e+02,
       8.83147507e+01, 1.53754913e+02, 1.31732986e+02, 1.70799057e+02,
       1.26640770e+02, 1.87321838e+02, 1.21930244e+02, 2.03158936e+02,
       1.17454063e+02, 2.18585037e+02, 1.13009453e+02, 2.33735947e+02,
       1.08641457e+02, 2.48016220e+02, 1.04454346e+02, 1.61356567e+02,
       1.49399841e+02, 1.78151047e+02, 1.44124924e+02, 1.94390594e+02,
       1.39123810e+02, 2.10285965e+02, 1.34165253e+02, 2.25544235e+02,
       1.29377121e+02, 2.40493286e+02, 1.24608925e+02, 2.55155609e+02,
       1.20114388e+02, 1.68690018e+02, 1.66849854e+02, 1.85485962e+02,
       1.61299866e+02, 2.01430786e+02, 1.55871063e+02, 2.17246063e+02,
       1.50557388e+02, 2.32298416e+02, 1.45491089e+02, 2.47237534e+02,
       1.40538391e+02, 2.60947144e+02, 1.35841141e+02, 3.67164093e+02,
       1.60554123e+02, 3.89387726e+02, 1.53462708e+02, 4.11249420e+02,
       1.46501663e+02, 4.32926514e+02, 1.39491745e+02, 4.54652649e+02,
       1.32498184e+02, 4.76110138e+02, 1.25644218e+02, 4.97480408e+02,
       1.18636986e+02, 3.72447357e+02, 1.81480530e+02, 3.94159668e+02,
       1.74592789e+02, 4.15695129e+02, 1.67518890e+02, 4.37100128e+02,
       1.60568283e+02, 4.58171967e+02, 1.53700439e+02, 4.79484955e+02,
       1.46790237e+02, 5.00219177e+02, 1.39940613e+02, 3.77532654e+02,
       2.01564941e+02, 3.98697723e+02, 1.94568924e+02, 4.19854553e+02,
       1.87669662e+02, 4.40667938e+02, 1.80634857e+02, 4.61572144e+02,
       1.73863312e+02, 4.82483429e+02, 1.67180206e+02, 5.03278137e+02,
       1.60361221e+02, 3.82038391e+02, 2.20626007e+02, 4.02938690e+02,
       2.13751373e+02, 4.23692566e+02, 2.06911865e+02, 4.44403168e+02,
       2.00132950e+02, 4.65063293e+02, 1.93418655e+02, 4.85708435e+02,
       1.86683899e+02, 5.06291321e+02, 1.80321671e+02, 3.86596100e+02,
       2.39197250e+02, 4.06992126e+02, 2.32398468e+02, 4.27484924e+02,
       2.25628540e+02, 4.48040680e+02, 2.19067535e+02, 4.68449615e+02,
       2.12587891e+02, 4.88671265e+02, 2.06145401e+02, 5.09011169e+02,
       1.99508499e+02, 3.48607605e+02, 5.17187500e+01, 3.69552002e+02,
       5.15843201e+01, 3.89903168e+02, 5.13768539e+01, 4.09549835e+02,
       5.13046837e+01, 4.28567352e+02, 5.09749527e+01, 4.47045776e+02,
       5.08571281e+01, 4.64856415e+02, 5.07587280e+01, 3.46046539e+02,
       7.59838028e+01, 3.66373657e+02, 7.54467316e+01, 3.86443237e+02,
       7.48509750e+01, 4.05591675e+02, 7.42889099e+01, 4.24254150e+02,
       7.36843338e+01, 4.42487244e+02, 7.33343353e+01, 4.59596924e+02,
       7.26885605e+01, 3.43288574e+02, 9.90402756e+01, 3.63364166e+02,
       9.77871933e+01, 3.82725189e+02, 9.69423828e+01, 4.01561310e+02,
       9.56883163e+01, 4.20126556e+02, 9.48829422e+01, 4.37823273e+02,
       9.42073059e+01, 4.55277496e+02, 9.31426392e+01, 3.40551605e+02,
       1.20899414e+02, 3.60532562e+02, 1.19628410e+02, 3.79191986e+02,
       1.17936104e+02, 3.97924744e+02, 1.16527817e+02, 4.16357178e+02,
       1.15394310e+02, 4.33856842e+02, 1.14280876e+02, 4.51226562e+02,
       1.13113327e+02, 3.37767883e+02, 1.41613556e+02, 3.57332642e+02,
       1.39979294e+02, 3.76248840e+02, 1.38424896e+02, 3.94825745e+02,
       1.36595779e+02, 4.12578552e+02, 1.35163681e+02, 4.29899933e+02,
       1.33838150e+02, 4.46996979e+02, 1.32516617e+02, 3.74365387e+02,
       2.13992722e+02, 3.96661072e+02, 2.20544983e+02, 4.18748383e+02,
       2.27167862e+02, 4.41014313e+02, 2.33621719e+02, 4.62802856e+02,
       2.40161911e+02, 4.84756653e+02, 2.46466156e+02, 5.06585388e+02,
       2.52988144e+02, 3.67387909e+02, 2.36146851e+02, 3.89648132e+02,
       2.42753723e+02, 4.11661194e+02, 2.49254852e+02, 4.33532928e+02,
       2.55593277e+02, 4.55361603e+02, 2.61689880e+02, 4.77096649e+02,
       2.68283783e+02, 4.98971863e+02, 2.74389587e+02, 3.60696777e+02,
       2.57917633e+02, 3.82642883e+02, 2.64107819e+02, 4.04607574e+02,
       2.70444244e+02, 4.26329346e+02, 2.76612885e+02, 4.48027222e+02,
       2.82930115e+02, 4.69641663e+02, 2.89063324e+02, 4.91210724e+02,
       2.95488617e+02, 3.54005219e+02, 2.78852295e+02, 3.75673218e+02,
       2.85182983e+02, 3.97620636e+02, 2.91289490e+02, 4.19284790e+02,
       2.97455994e+02, 4.40811188e+02, 3.03637085e+02, 4.62360870e+02,
       3.09896851e+02, 4.83702515e+02, 3.16037262e+02, 3.47458679e+02,
       2.99463470e+02, 3.68936646e+02, 3.05639893e+02, 3.90487579e+02,
       3.11958099e+02, 4.12181824e+02, 3.18101990e+02, 4.33465942e+02,
       3.24044861e+02, 4.54933502e+02, 3.30140045e+02, 4.76227783e+02,
       3.36473877e+02, 3.69427002e+02, 3.30312683e+02, 3.91924438e+02,
       3.27079163e+02, 4.14455933e+02, 3.23595856e+02, 4.36685211e+02,
       3.20292175e+02, 4.58795166e+02, 3.17039642e+02, 4.81126556e+02,
       3.13687958e+02, 5.03159607e+02, 3.10595337e+02, 3.71769348e+02,
       3.52085297e+02, 3.94542725e+02, 3.48629395e+02, 4.16480286e+02,
       3.45356934e+02, 4.38844788e+02, 3.41774780e+02, 4.60719940e+02,
       3.38515717e+02, 4.82731598e+02, 3.35243347e+02, 5.04565826e+02,
       3.31830780e+02, 3.74311523e+02, 3.73114563e+02, 3.96608032e+02,
       3.69544464e+02, 4.18787903e+02, 3.66060242e+02, 4.40546783e+02,
       3.62643860e+02, 4.62628693e+02, 3.59370087e+02, 4.84569885e+02,
       3.56058044e+02, 5.06109344e+02, 3.52792053e+02, 3.76827118e+02,
       3.93378174e+02, 3.98698700e+02, 3.89868896e+02, 4.20806671e+02,
       3.86480530e+02, 4.42576355e+02, 3.83192841e+02, 4.64284363e+02,
       3.79862732e+02, 4.86092407e+02, 3.76770996e+02, 5.07947968e+02,
       3.73555634e+02, 3.78942963e+02, 4.13398254e+02, 4.00809692e+02,
       4.10000946e+02, 4.22536499e+02, 4.06757568e+02, 4.44407257e+02,
       4.03466583e+02, 4.66283966e+02, 4.00350708e+02, 4.87758575e+02,
       3.97062103e+02, 5.09229675e+02, 3.93807404e+02, 4.19449829e+02,
       4.67766838e+01, 4.39550781e+02, 5.21886482e+01, 4.58887421e+02,
       5.72078362e+01, 4.77856750e+02, 6.22543259e+01, 4.96403778e+02,
       6.69444580e+01, 5.14318359e+02, 7.17521591e+01, 5.31811157e+02,
       7.62483368e+01, 4.11664703e+02, 6.95441895e+01, 4.31555634e+02,
       7.43990631e+01, 4.50767670e+02, 7.90884628e+01, 4.69504974e+02,
       8.36618576e+01, 4.87573578e+02, 8.79714355e+01, 5.05425323e+02,
       9.25127563e+01, 5.22573181e+02, 9.64800186e+01, 4.04442963e+02,
       9.11380463e+01, 4.23915802e+02, 9.55865707e+01, 4.42859314e+02,
       9.97901077e+01, 4.61187592e+02, 1.03900368e+02, 4.79401031e+02,
       1.08122749e+02, 4.96678925e+02, 1.11757050e+02, 5.13706299e+02,
       1.15799355e+02, 3.97132965e+02, 1.11860504e+02, 4.16285675e+02,
       1.15714005e+02, 4.34883850e+02, 1.19642128e+02, 4.53211182e+02,
       1.23432831e+02, 4.70835846e+02, 1.27250801e+02, 4.88481110e+02,
       1.30944458e+02, 5.05559570e+02, 1.34540894e+02, 3.89993805e+02,
       1.31582474e+02, 4.08907532e+02, 1.35262100e+02, 4.27385101e+02,
       1.38912842e+02, 4.45308716e+02, 1.42356064e+02, 4.63163147e+02,
       1.45838257e+02, 4.80317871e+02, 1.49255569e+02, 4.97150116e+02,
       1.52519073e+02, 9.42230148e+01, 9.08545303e+01, 1.27434746e+02,
       8.83515701e+01, 1.58734680e+02, 8.63491821e+01, 1.87844193e+02,
       8.42201767e+01, 2.15597946e+02, 8.24306488e+01, 2.41577484e+02,
       8.06959915e+01, 2.66327454e+02, 7.91776276e+01, 1.01501366e+02,
       1.24784698e+02, 1.34370712e+02, 1.21557816e+02, 1.64904114e+02,
       1.18130096e+02, 1.93727631e+02, 1.15262260e+02, 2.20854919e+02,
       1.12352051e+02, 2.46514297e+02, 1.09659630e+02, 2.70931122e+02,
       1.07291237e+02, 1.09184395e+02, 1.57811203e+02, 1.40971252e+02,
       1.53101929e+02, 1.71399673e+02, 1.49214096e+02, 1.99747009e+02,
       1.45233307e+02, 2.26445862e+02, 1.41642487e+02, 2.51952637e+02,
       1.38180420e+02, 2.75933777e+02, 1.34726456e+02, 1.16274582e+02,
       1.89924698e+02, 1.47972092e+02, 1.84596954e+02, 1.77306717e+02,
       1.79123352e+02, 2.05290863e+02, 1.74554855e+02, 2.31948074e+02,
       1.69935287e+02, 2.57404114e+02, 1.65860809e+02, 2.81142944e+02,
       1.61826126e+02, 1.23970749e+02, 2.22127014e+02, 1.54579071e+02,
       2.15228882e+02, 1.83878784e+02, 2.09244949e+02, 2.11805923e+02,
       2.03506912e+02, 2.37802673e+02, 1.98326401e+02, 2.62681030e+02,
       1.93029175e+02, 2.86467621e+02, 1.88557236e+02, 1.07303047e+02,
       2.23898743e+02, 1.43204224e+02, 2.21678757e+02, 1.76478302e+02,
       2.19965302e+02, 2.08061737e+02, 2.17906311e+02, 2.37341766e+02,
       2.15699097e+02, 2.65070251e+02, 2.14315445e+02, 2.90791565e+02,
       2.12580719e+02, 1.10461113e+02, 2.59438873e+02, 1.46246964e+02,
       2.56256989e+02, 1.79432098e+02, 2.52938187e+02, 2.10761948e+02,
       2.50070847e+02, 2.39768082e+02, 2.47394562e+02, 2.67656006e+02,
       2.44686249e+02, 2.93451050e+02, 2.42078979e+02, 1.13599403e+02,
       2.94269165e+02, 1.49336853e+02, 2.89894287e+02, 1.82394562e+02,
       2.85989716e+02, 2.13543762e+02, 2.81829010e+02, 2.42668945e+02,
       2.78257019e+02, 2.70421661e+02, 2.74831390e+02, 2.96425232e+02,
       2.71569427e+02, 1.16424065e+02, 3.29436646e+02, 1.52205688e+02,
       3.23902130e+02, 1.85297852e+02, 3.18644928e+02, 2.16442749e+02,
       3.13762543e+02, 2.45574783e+02, 3.09325104e+02, 2.73323486e+02,
       3.04902740e+02, 2.99383362e+02, 3.00712372e+02, 1.19322250e+02,
       3.64761108e+02, 1.54803299e+02, 3.57830597e+02, 1.88052185e+02,
       3.51688995e+02, 2.19159561e+02, 3.45725433e+02, 2.48508286e+02,
       3.40339264e+02, 2.75865387e+02, 3.35212463e+02, 3.02088959e+02,
       3.30100677e+02, 1.55770645e+02, 2.10970352e+02, 1.88524567e+02,
       2.20474091e+02, 2.19712418e+02, 2.29583572e+02, 2.49891968e+02,
       2.38231796e+02, 2.78789001e+02, 2.46637436e+02, 3.06738220e+02,
       2.54866394e+02, 3.33674438e+02, 2.62560303e+02, 1.47582153e+02,
       2.41468765e+02, 1.81128159e+02, 2.50642502e+02, 2.13168152e+02,
       2.59289734e+02, 2.44099548e+02, 2.67602997e+02, 2.73562592e+02,
       2.75809723e+02, 3.02269226e+02, 2.83383636e+02, 3.29635712e+02,
       2.91112946e+02, 1.39169464e+02, 2.72649292e+02, 1.73438950e+02,
       2.81480225e+02, 2.06364151e+02, 2.89926453e+02, 2.37696838e+02,
       2.97770355e+02, 2.68200012e+02, 3.05659180e+02, 2.97523376e+02,
       3.12979187e+02, 3.25769135e+02, 3.20203705e+02, 1.29870911e+02,
       3.05463745e+02, 1.65275452e+02, 3.13720032e+02, 1.98780258e+02,
       3.21652802e+02, 2.31390244e+02, 3.29348755e+02, 2.62489410e+02,
       3.36582764e+02, 2.92609222e+02, 3.43491028e+02, 3.21523956e+02,
       3.50218262e+02, 1.20108955e+02, 3.39492737e+02, 1.56325562e+02,
       3.47358582e+02, 1.91028381e+02, 3.54611359e+02, 2.24456329e+02,
       3.61822205e+02, 2.56438690e+02, 3.68824249e+02, 2.87144684e+02,
       3.75338806e+02, 3.16950714e+02, 3.81567535e+02, 7.84260941e+01,
       6.55725250e+01, 1.09994392e+02, 6.10903969e+01, 1.39227890e+02,
       5.74854355e+01, 1.66414032e+02, 5.37119637e+01, 1.91387436e+02,
       5.03464165e+01, 2.14270432e+02, 4.74600372e+01, 2.35736710e+02,
       4.44587555e+01, 8.74872208e+01, 1.01513893e+02, 1.18098152e+02,
       9.61381989e+01, 1.46398010e+02, 9.08067322e+01, 1.72485168e+02,
       8.59867020e+01, 1.96749496e+02, 8.14686050e+01, 2.19338852e+02,
       7.74637833e+01, 2.40195084e+02, 7.35073624e+01, 9.64572678e+01,
       1.35926147e+02, 1.25942917e+02, 1.29194122e+02, 1.53472076e+02,
       1.22614151e+02, 1.78574554e+02, 1.16737991e+02, 2.02163437e+02,
       1.11402458e+02, 2.24205902e+02, 1.06204697e+02, 2.44807922e+02,
       1.01485497e+02, 1.04426445e+02, 1.68873886e+02, 1.33430878e+02,
       1.60722427e+02, 1.59924667e+02, 1.53396393e+02, 1.84512817e+02,
       1.46316162e+02, 2.07578186e+02, 1.39893753e+02, 2.29389359e+02,
       1.33945343e+02, 2.49757401e+02, 1.28286133e+02, 1.11970161e+02,
       2.00267227e+02, 1.40125122e+02, 1.91143127e+02, 1.66202576e+02,
       1.82731171e+02, 1.90452423e+02, 1.74728073e+02, 2.13131332e+02,
       1.67621536e+02, 2.34376968e+02, 1.60744995e+02, 2.54284073e+02,
       1.54478851e+02, 1.03318474e+02, 1.84529739e+02, 1.36603470e+02,
       1.76345139e+02, 1.68753723e+02, 1.68417633e+02, 1.98844803e+02,
       1.60839844e+02, 2.28134476e+02, 1.53620041e+02, 2.55440262e+02,
       1.46783478e+02, 2.81698303e+02, 1.40227341e+02, 1.13831131e+02,
       2.17202133e+02, 1.46826157e+02, 2.08024673e+02, 1.78322113e+02,
       1.99517822e+02, 2.08052094e+02, 1.91274918e+02, 2.36654419e+02,
       1.83369919e+02, 2.64049377e+02, 1.75903198e+02, 2.89908386e+02,
       1.68732941e+02, 1.24225952e+02, 2.48946838e+02, 1.56811722e+02,
       2.39185669e+02, 1.87795395e+02, 2.29807709e+02, 2.17382935e+02,
       2.20882339e+02, 2.45568039e+02, 2.12450806e+02, 2.72487518e+02,
       2.04455994e+02, 2.98106964e+02, 1.96548050e+02, 1.34199020e+02,
       2.79922150e+02, 1.66402451e+02, 2.69651672e+02, 1.97139511e+02,
       2.59614502e+02, 2.26195358e+02, 2.50029694e+02, 2.54170944e+02,
       2.41166168e+02, 2.81069244e+02, 2.32473618e+02, 3.06473724e+02,
       2.24039566e+02, 1.43890823e+02, 3.10595215e+02, 1.75547562e+02,
       2.99646912e+02, 2.05958679e+02, 2.89046295e+02, 2.34773331e+02,
       2.79135376e+02, 2.62668396e+02, 2.69478027e+02, 2.89258209e+02,
       2.60252472e+02, 3.14627350e+02, 2.51328079e+02, 3.58149475e+02,
       1.63434158e+02, 3.90871979e+02, 1.60600281e+02, 4.24683716e+02,
       1.58103333e+02, 4.59248871e+02, 1.55084579e+02, 4.94861816e+02,
       1.52166962e+02, 5.31912537e+02, 1.49211792e+02, 5.69492371e+02,
       1.46044434e+02, 3.58558685e+02, 1.95279510e+02, 3.91690521e+02,
       1.93412964e+02, 4.25415192e+02, 1.91179428e+02, 4.60621002e+02,
       1.88914444e+02, 4.96373993e+02, 1.86716309e+02, 5.33415588e+02,
       1.84459427e+02, 5.71634521e+02, 1.81948395e+02, 3.59347992e+02,
       2.27367065e+02, 3.92329224e+02, 2.25867615e+02, 4.26528015e+02,
       2.24392639e+02, 4.61424896e+02, 2.22742050e+02, 4.97682068e+02,
       2.21054855e+02, 5.34910583e+02, 2.19358032e+02, 5.73155090e+02,
       2.17630646e+02, 3.59693329e+02, 2.59396240e+02, 3.93115417e+02,
       2.58459961e+02, 4.27108093e+02, 2.57511108e+02, 4.62630310e+02,
       2.56777649e+02, 4.98910248e+02, 2.55648865e+02, 5.36266541e+02,
       2.54469437e+02, 5.74754944e+02, 2.53506866e+02, 3.60032471e+02,
       2.91642151e+02, 3.93246979e+02, 2.91069366e+02, 4.27485565e+02,
       2.90752228e+02, 4.62821228e+02, 2.90419525e+02, 4.99208923e+02,
       2.90340973e+02, 5.36697998e+02, 2.89794556e+02, 5.75768677e+02,
       2.89451324e+02, 2.74696167e+02, 1.92599792e+02, 3.10348145e+02,
       1.81283875e+02, 3.46614960e+02, 1.69424301e+02, 3.83139893e+02,
       1.57476044e+02, 4.20256042e+02, 1.44729340e+02, 4.57379547e+02,
       1.32335419e+02, 4.95409058e+02, 1.19235306e+02, 2.87131226e+02,
       2.26454666e+02, 3.22435669e+02, 2.15475754e+02, 3.58165955e+02,
       2.03882553e+02, 3.94263306e+02, 1.92447891e+02, 4.30643799e+02,
       1.80601944e+02, 4.67497498e+02, 1.68522095e+02, 5.04692139e+02,
       1.56220154e+02, 2.99078979e+02, 2.59558258e+02, 3.33810059e+02,
       2.48352402e+02, 3.68906311e+02, 2.37406113e+02, 4.04463501e+02,
       2.26176208e+02, 4.40563110e+02, 2.14939301e+02, 4.76792175e+02,
       2.03531586e+02, 5.13660156e+02, 1.91797653e+02, 3.09846497e+02,
       2.90254913e+02, 3.44619171e+02, 2.80194977e+02, 3.79411621e+02,
       2.69489685e+02, 4.14345459e+02, 2.58758179e+02, 4.50012054e+02,
       2.48293655e+02, 4.86044037e+02, 2.37270966e+02, 5.22369934e+02,
       2.26382919e+02, 3.20535736e+02, 3.20514557e+02, 3.54399139e+02,
       3.10730103e+02, 3.88779755e+02, 3.00703430e+02, 4.23650543e+02,
       2.90718811e+02, 4.58792664e+02, 2.80322113e+02, 4.94605530e+02,
       2.69993011e+02, 5.30662170e+02, 2.59114227e+02, 1.85606354e+02,
       9.75516434e+01, 2.26178131e+02, 1.00425964e+02, 2.66844849e+02,
       1.03070534e+02, 3.07771362e+02, 1.05752884e+02, 3.48647797e+02,
       1.08540833e+02, 3.89552887e+02, 1.11821129e+02, 4.31077026e+02,
       1.14402084e+02, 1.77305817e+02, 1.31107590e+02, 2.19380219e+02,
       1.34717911e+02, 2.61340820e+02, 1.37684479e+02, 3.03220062e+02,
       1.40885056e+02, 3.45610168e+02, 1.43854202e+02, 3.87868469e+02,
       1.46932068e+02, 4.30337769e+02, 1.49950943e+02, 1.68670837e+02,
       1.68051575e+02, 2.11854721e+02, 1.71683807e+02, 2.55548859e+02,
       1.74972168e+02, 2.98828217e+02, 1.78423584e+02, 3.42278137e+02,
       1.81422546e+02, 3.85917877e+02, 1.84554504e+02, 4.29780029e+02,
       1.87661758e+02, 1.59837540e+02, 2.07194427e+02, 2.05137192e+02,
       2.10965485e+02, 2.49611084e+02, 2.14681732e+02, 2.94330231e+02,
       2.17984848e+02, 3.38900482e+02, 2.21131790e+02, 3.83998413e+02,
       2.24226562e+02, 4.28941376e+02, 2.27345215e+02, 1.51438766e+02,
       2.49207718e+02, 1.97564194e+02, 2.52843506e+02, 2.43631180e+02,
       2.56488281e+02, 2.89726990e+02, 2.59726654e+02, 3.35759918e+02,
       2.63351593e+02, 3.82456543e+02, 2.66584351e+02, 4.28619507e+02,
       2.69859650e+02, 2.07692017e+02, 2.30713425e+02, 2.46841812e+02,
       2.16215057e+02, 2.85396210e+02, 2.02021851e+02, 3.22599548e+02,
       1.88245087e+02, 3.59038086e+02, 1.74538040e+02, 3.94213562e+02,
       1.61745987e+02, 4.28724731e+02, 1.48649216e+02, 2.22742752e+02,
       2.69176971e+02, 2.62253723e+02, 2.54080978e+02, 3.00420990e+02,
       2.39260727e+02, 3.37570679e+02, 2.24984665e+02, 3.73679657e+02,
       2.10963516e+02, 4.09180206e+02, 1.97285858e+02, 4.43493439e+02,
       1.83993988e+02, 2.37728760e+02, 3.07235992e+02, 2.77040131e+02,
       2.91570923e+02, 3.15455841e+02, 2.76271698e+02, 3.52505646e+02,
       2.61573029e+02, 3.88635071e+02, 2.47003784e+02, 4.23822357e+02,
       2.32923325e+02, 4.58546722e+02, 2.18958267e+02, 2.52628677e+02,
       3.44913300e+02, 2.91816437e+02, 3.28815796e+02, 3.29995789e+02,
       3.13335114e+02, 3.67000275e+02, 2.98243195e+02, 4.03327789e+02,
       2.83455078e+02, 4.38760193e+02, 2.68687592e+02, 4.73387634e+02,
       2.54453949e+02, 2.67347443e+02, 3.82881927e+02, 3.06382874e+02,
       3.66465118e+02, 3.44513489e+02, 3.50349426e+02, 3.81512421e+02,
       3.34856598e+02, 4.17979828e+02, 3.19803284e+02, 4.53387695e+02,
       3.04670898e+02, 4.88262146e+02, 2.90038544e+02, 2.48674576e+02,
       1.63095413e+02, 2.91140594e+02, 1.64653427e+02, 3.31364410e+02,
       1.66569138e+02, 3.70026245e+02, 1.67978638e+02, 4.06798920e+02,
       1.69464981e+02, 4.41961792e+02, 1.70827194e+02, 4.75684814e+02,
       1.72420868e+02, 2.47451202e+02, 2.07326767e+02, 2.89473877e+02,
       2.07821838e+02, 3.29283539e+02, 2.08516876e+02, 3.67358887e+02,
       2.08643494e+02, 4.03911804e+02, 2.09165436e+02, 4.38850311e+02,
       2.09587173e+02, 4.72207794e+02, 2.09851059e+02, 2.46622238e+02,
       2.50349457e+02, 2.88039581e+02, 2.49715973e+02, 3.27618164e+02,
       2.48951035e+02, 3.65271423e+02, 2.48341095e+02, 4.01384460e+02,
       2.47952637e+02, 4.36040924e+02, 2.47518524e+02, 4.69500458e+02,
       2.47174896e+02, 2.45936035e+02, 2.91540100e+02, 2.86860199e+02,
       2.89707214e+02, 3.25954865e+02, 2.88181000e+02, 3.63354736e+02,
       2.86832825e+02, 3.99171387e+02, 2.85351196e+02, 4.33599762e+02,
       2.84054047e+02, 4.66680054e+02, 2.82825867e+02, 2.45465393e+02,
       3.31858337e+02, 2.85686127e+02, 3.29125824e+02, 3.24345673e+02,
       3.26513153e+02, 3.61517639e+02, 3.24258911e+02, 3.96986542e+02,
       3.22222504e+02, 4.31111084e+02, 3.20025238e+02, 4.64268463e+02,
       3.17981323e+02, 3.16202576e+02, 2.49863739e+02, 3.56065918e+02,
       2.48715729e+02, 3.95242554e+02, 2.47806091e+02, 4.34299286e+02,
       2.46910522e+02, 4.72802124e+02, 2.46022064e+02, 5.10681641e+02,
       2.45237823e+02, 5.48642700e+02, 2.44405731e+02, 3.17582672e+02,
       2.89343140e+02, 3.57596222e+02, 2.88490051e+02, 3.97019958e+02,
       2.87041229e+02, 4.36241028e+02, 2.85765686e+02, 4.74753876e+02,
       2.85012146e+02, 5.13277710e+02, 2.83787567e+02, 5.50871582e+02,
       2.82668457e+02, 3.19359467e+02, 3.28627502e+02, 3.59327087e+02,
       3.27427948e+02, 3.99080170e+02, 3.25867676e+02, 4.38232758e+02,
       3.24671936e+02, 4.76942780e+02, 3.23439667e+02, 5.15631775e+02,
       3.21912781e+02, 5.53567993e+02, 3.20808289e+02, 3.20976807e+02,
       3.67553223e+02, 3.61393280e+02, 3.65791016e+02, 4.00887024e+02,
       3.64414764e+02, 4.40295868e+02, 3.63017822e+02, 4.79378998e+02,
       3.61498138e+02, 5.17958740e+02, 3.60601318e+02, 5.56456116e+02,
       3.58975708e+02, 3.22741241e+02, 4.06560333e+02, 3.63023407e+02,
       4.04880829e+02, 4.02668152e+02, 4.03097595e+02, 4.42223419e+02,
       4.01742859e+02, 4.81291016e+02, 4.00451874e+02, 5.20344055e+02,
       3.98910034e+02, 5.58945923e+02, 3.97347626e+02, 2.58033539e+02,
       1.26829895e+02, 2.94547882e+02, 1.12366554e+02, 3.30278107e+02,
       9.83034363e+01, 3.64802063e+02, 8.45035858e+01, 3.98746490e+02,
       7.10786362e+01, 4.31260529e+02, 5.79850807e+01, 4.63121613e+02,
       4.55682220e+01, 2.72507416e+02, 1.64208084e+02, 3.08162415e+02,
       1.49296051e+02, 3.42726196e+02, 1.35132828e+02, 3.76285217e+02,
       1.20845505e+02, 4.08943634e+02, 1.07259430e+02, 4.40939087e+02,
       9.38162384e+01, 4.71762238e+02, 8.12620926e+01, 2.86476746e+02,
       1.99178558e+02, 3.20921906e+02, 1.83965561e+02, 3.54553345e+02,
       1.69539307e+02, 3.87251465e+02, 1.55350769e+02, 4.19027954e+02,
       1.41536102e+02, 4.50270233e+02, 1.28224136e+02, 4.80657166e+02,
       1.14910851e+02, 2.99394531e+02, 2.32020737e+02, 3.33112671e+02,
       2.16839920e+02, 3.65743835e+02, 2.02232224e+02, 3.97460236e+02,
       1.88005234e+02, 4.28815674e+02, 1.74218491e+02, 4.59452820e+02,
       1.60624100e+02, 4.89277527e+02, 1.47584045e+02, 3.11895386e+02,
       2.63411041e+02, 3.44496735e+02, 2.48257233e+02, 3.76469696e+02,
       2.33723114e+02, 4.07790466e+02, 2.19377869e+02, 4.38383087e+02,
       2.05491257e+02, 4.68101959e+02, 1.92137451e+02, 4.97587097e+02,
       1.78843369e+02, 1.19149139e+02, 1.19098274e+02, 1.69916428e+02,
       1.15688118e+02, 2.18966507e+02, 1.12469345e+02, 2.65914093e+02,
       1.09344521e+02, 3.11249542e+02, 1.06471107e+02, 3.54978516e+02,
       1.03678040e+02, 3.97011536e+02, 1.00924324e+02, 1.25615036e+02,
       1.68976776e+02, 1.76055862e+02, 1.64563751e+02, 2.24312698e+02,
       1.60452972e+02, 2.70874146e+02, 1.56290527e+02, 3.15728638e+02,
       1.52529007e+02, 3.58906830e+02, 1.48793808e+02, 4.00651154e+02,
       1.45216644e+02, 1.32476425e+02, 2.17633835e+02, 1.82186005e+02,
       2.12137375e+02, 2.30229111e+02, 2.06881134e+02, 2.76023071e+02,
       2.02020386e+02, 3.20591614e+02, 1.97161301e+02, 3.63253418e+02,
       1.92625763e+02, 4.04407928e+02, 1.88106903e+02, 1.39501328e+02,
       2.65183228e+02, 1.88747055e+02, 2.59010223e+02, 2.36063828e+02,
       2.52566208e+02, 2.81641571e+02, 2.46699783e+02, 3.25505432e+02,
       2.40951080e+02, 3.67923676e+02, 2.35675583e+02, 4.09011322e+02,
       2.30498169e+02, 1.46417267e+02, 3.12081512e+02, 1.95181732e+02,
       3.04335297e+02, 2.41787643e+02, 2.97325775e+02, 2.86837097e+02,
       2.90771301e+02, 3.30532104e+02, 2.84157776e+02, 3.72584198e+02,
       2.77988678e+02, 4.13488495e+02, 2.72214691e+02, 1.02477364e+02,
       6.55787430e+01, 1.52249710e+02, 7.03314209e+01, 2.00202408e+02,
       7.41199036e+01, 2.46223328e+02, 7.80302658e+01, 2.90606110e+02,
       8.18793106e+01, 3.33110443e+02, 8.55216064e+01, 3.73972015e+02,
       8.88127441e+01, 1.03434410e+02, 1.14434578e+02, 1.52187469e+02,
       1.17544388e+02, 1.99128021e+02, 1.20533844e+02, 2.44111572e+02,
       1.23325096e+02, 2.87337128e+02, 1.25891884e+02, 3.29401917e+02,
       1.28401428e+02, 3.69119141e+02, 1.30887985e+02, 1.04311195e+02,
       1.60077194e+02, 1.52299805e+02, 1.62061050e+02, 1.98446716e+02,
       1.63899887e+02, 2.42375336e+02, 1.65778244e+02, 2.84532196e+02,
       1.67552155e+02, 3.25525391e+02, 1.69123581e+02, 3.64567261e+02,
       1.70746429e+02, 1.05837128e+02, 2.03756973e+02, 1.52788345e+02,
       2.04892059e+02, 1.97668808e+02, 2.05459518e+02, 2.40947906e+02,
       2.06432159e+02, 2.82117889e+02, 2.07380890e+02, 3.22289368e+02,
       2.08509018e+02, 3.61003845e+02, 2.08877655e+02, 1.07531372e+02,
       2.45345871e+02, 1.53244461e+02, 2.45210632e+02, 1.97075302e+02,
       2.45207657e+02, 2.39465134e+02, 2.45242935e+02, 2.80299713e+02,
       2.45433350e+02, 3.19202728e+02, 2.45411240e+02, 3.57690460e+02,
       2.45553284e+02, 1.95179657e+02, 1.17419296e+02, 2.34354538e+02,
       1.21309517e+02, 2.74873199e+02, 1.25350822e+02, 3.16340179e+02,
       1.29311478e+02, 3.59467285e+02, 1.33382492e+02, 4.03953430e+02,
       1.37820007e+02, 4.49891174e+02, 1.42434082e+02, 1.84477646e+02,
       1.56052063e+02, 2.24626007e+02, 1.61024063e+02, 2.65461395e+02,
       1.65717758e+02, 3.07658966e+02, 1.70575409e+02, 3.51318085e+02,
       1.75619537e+02, 3.96225159e+02, 1.80711929e+02, 4.42713806e+02,
       1.86428467e+02, 1.73699966e+02, 1.95517578e+02, 2.14015594e+02,
       2.01028214e+02, 2.55719162e+02, 2.06838974e+02, 2.98174622e+02,
       2.12535812e+02, 3.42186798e+02, 2.18492340e+02, 3.87769165e+02,
       2.24668350e+02, 4.34891510e+02, 2.31364624e+02, 1.62468231e+02,
       2.36213943e+02, 2.03473083e+02, 2.42673294e+02, 2.45438232e+02,
       2.49102264e+02, 2.88653778e+02, 2.55822098e+02, 3.33100647e+02,
       2.62765259e+02, 3.79454590e+02, 2.70048035e+02, 4.27022919e+02,
       2.77453186e+02, 1.51150360e+02, 2.78234253e+02, 1.92423248e+02,
       2.85380402e+02, 2.34848511e+02, 2.92780090e+02, 2.78482422e+02,
       3.00484222e+02, 3.23435303e+02, 3.08409668e+02, 3.70154053e+02,
       3.16572632e+02, 4.18429352e+02, 3.25130463e+02, 1.57296219e+02,
       2.01526001e+02, 2.08275391e+02, 1.87981140e+02, 2.57680511e+02,
       1.74947189e+02, 3.04927551e+02, 1.62343155e+02, 3.50352692e+02,
       1.50516281e+02, 3.94144073e+02, 1.39062149e+02, 4.36657440e+02,
       1.27820839e+02, 1.71792267e+02, 2.52679459e+02, 2.22947037e+02,
       2.38348465e+02, 2.71916962e+02, 2.24133896e+02, 3.18956940e+02,
       2.10522110e+02, 3.64017639e+02, 1.97692413e+02, 4.08144531e+02,
       1.85111969e+02, 4.50279114e+02, 1.73280945e+02, 1.86660187e+02,
       3.03306976e+02, 2.37532883e+02, 2.87529663e+02, 2.86092468e+02,
       2.72587524e+02, 3.32978485e+02, 2.58224060e+02, 3.78208374e+02,
       2.44295685e+02, 4.21592438e+02, 2.31138901e+02, 4.63848450e+02,
       2.18185501e+02, 2.01536224e+02, 3.53803162e+02, 2.51914948e+02,
       3.37142761e+02, 3.00209595e+02, 3.20808960e+02, 3.46634857e+02,
       3.05421844e+02, 3.91632355e+02, 2.90614227e+02, 4.35405853e+02,
       2.76578491e+02, 4.77728790e+02, 2.62796844e+02, 2.16515610e+02,
       4.03313202e+02, 2.66344299e+02, 3.85867188e+02, 3.14377441e+02,
       3.69280060e+02, 3.60740875e+02, 3.52933990e+02, 4.05495300e+02,
       3.37442200e+02, 4.49097168e+02, 3.22401001e+02, 4.91181183e+02,
       3.07834503e+02, 8.69991455e+01, 1.03359886e+02, 1.44605347e+02,
       1.12904129e+02, 1.98364594e+02, 1.21392845e+02, 2.49065704e+02,
       1.29633011e+02, 2.96575836e+02, 1.37340256e+02, 3.40893677e+02,
       1.44122925e+02, 3.82963348e+02, 1.50708252e+02, 8.27234573e+01,
       1.56044418e+02, 1.38872757e+02, 1.63249435e+02, 1.91607239e+02,
       1.70040924e+02, 2.40599915e+02, 1.76071854e+02, 2.86678619e+02,
       1.81651138e+02, 3.30382233e+02, 1.86871323e+02, 3.71248047e+02,
       1.91892624e+02, 7.93224335e+01, 2.04684586e+02, 1.34267654e+02,
       2.09785004e+02, 1.85368439e+02, 2.14632675e+02, 2.33228409e+02,
       2.18553009e+02, 2.78047791e+02, 2.23022385e+02, 3.20401306e+02,
       2.26755463e+02, 3.60580994e+02, 2.30486069e+02, 7.65569000e+01,
       2.49554398e+02, 1.29424286e+02, 2.53007462e+02, 1.79227600e+02,
       2.55923004e+02, 2.25761810e+02, 2.58519989e+02, 2.69788971e+02,
       2.61416901e+02, 3.11459167e+02, 2.64712769e+02, 3.50523895e+02,
       2.67531891e+02, 7.38645096e+01, 2.91443115e+02, 1.25173920e+02,
       2.93171631e+02, 1.73450241e+02, 2.95170776e+02, 2.18728027e+02,
       2.96783173e+02, 2.62114105e+02, 2.98685333e+02, 3.02534485e+02,
       3.00523926e+02, 3.41347748e+02, 3.01801178e+02, 2.92065247e+02,
       1.32471924e+02, 3.35872833e+02, 1.30958481e+02, 3.80419128e+02,
       1.29435272e+02, 4.24978607e+02, 1.27813385e+02, 4.70409180e+02,
       1.26274055e+02, 5.15703613e+02, 1.24940910e+02, 5.61534851e+02,
       1.23464813e+02, 2.92784363e+02, 1.75826111e+02, 3.37112946e+02,
       1.74997879e+02, 3.81593658e+02, 1.73620392e+02, 4.26233337e+02,
       1.72739975e+02, 4.71411713e+02, 1.71460693e+02, 5.16954895e+02,
       1.70360153e+02, 5.62662170e+02, 1.69313828e+02, 2.93237030e+02,
       2.19051529e+02, 3.37652283e+02, 2.18427155e+02, 3.81944183e+02,
       2.17782211e+02, 4.26808197e+02, 2.16828629e+02, 4.72175995e+02,
       2.16058563e+02, 5.17762451e+02, 2.15367645e+02, 5.63438049e+02,
       2.14590546e+02, 2.93359406e+02, 2.62415710e+02, 3.37839539e+02,
       2.62071136e+02, 3.82381409e+02, 2.61366180e+02, 4.27157928e+02,
       2.60857635e+02, 4.72471619e+02, 2.60547852e+02, 5.18126953e+02,
       2.60086853e+02, 5.64150879e+02, 2.60052002e+02, 2.93128326e+02,
       3.05417053e+02, 3.37530548e+02, 3.05165436e+02, 3.82130707e+02,
       3.05158081e+02, 4.26976624e+02, 3.05051819e+02, 4.72210175e+02,
       3.05235382e+02, 5.17866577e+02, 3.05386108e+02, 5.64407227e+02,
       3.05414703e+02, 2.86040253e+02, 1.65156693e+02, 3.34380890e+02,
       1.57809006e+02, 3.82707520e+02, 1.50493317e+02, 4.30885315e+02,
       1.43186066e+02, 4.79467926e+02, 1.35639038e+02, 5.27492615e+02,
       1.28189011e+02, 5.75788147e+02, 1.20802208e+02, 2.93807190e+02,
       2.13519852e+02, 3.41745026e+02, 2.06261887e+02, 3.89460663e+02,
       1.99041397e+02, 4.37471466e+02, 1.91592712e+02, 4.85249878e+02,
       1.84435715e+02, 5.33410706e+02, 1.76809357e+02, 5.81030151e+02,
       1.69635529e+02, 3.01346985e+02, 2.60119781e+02, 3.48789307e+02,
       2.52880508e+02, 3.96153259e+02, 2.45703674e+02, 4.43499542e+02,
       2.38765167e+02, 4.91255981e+02, 2.31656616e+02, 5.38923279e+02,
       2.24521652e+02, 5.86556580e+02, 2.17327713e+02, 3.08621002e+02,
       3.05665588e+02, 3.55511566e+02, 2.98567474e+02, 4.02601471e+02,
       2.91625702e+02, 4.49649597e+02, 2.84470215e+02, 4.96876373e+02,
       2.77818573e+02, 5.44523865e+02, 2.70882446e+02, 5.92097290e+02,
       2.63993439e+02, 3.15833374e+02, 3.49844360e+02, 3.62202179e+02,
       3.42994781e+02, 4.08736755e+02, 3.36479279e+02, 4.55456940e+02,
       3.29957703e+02, 5.02654938e+02, 3.23212830e+02, 5.50000977e+02,
       3.16575317e+02, 5.97073364e+02, 3.09812958e+02, 1.50585083e+02,
       1.50102753e+02, 2.04332428e+02, 1.54054779e+02, 2.57049530e+02,
       1.57742279e+02, 3.08468994e+02, 1.61381668e+02, 3.58773743e+02,
       1.65030746e+02, 4.07517731e+02, 1.68708160e+02, 4.55501831e+02,
       1.71944870e+02, 1.46046432e+02, 2.02257339e+02, 2.01192810e+02,
       2.05562790e+02, 2.54510559e+02, 2.08625107e+02, 3.07139374e+02,
       2.11617645e+02, 3.58034424e+02, 2.14636215e+02, 4.07942444e+02,
       2.17417374e+02, 4.56606293e+02, 2.20251114e+02, 1.41552429e+02,
       2.55314133e+02, 1.97847382e+02, 2.57777802e+02, 2.52588440e+02,
       2.60343597e+02, 3.05635864e+02, 2.62648193e+02, 3.57605438e+02,
       2.64877075e+02, 4.08289429e+02, 2.67155579e+02, 4.57912689e+02,
       2.69147430e+02, 1.37868927e+02, 3.10548096e+02, 1.94915909e+02,
       3.11995026e+02, 2.50687012e+02, 3.13796204e+02, 3.04901917e+02,
       3.15515228e+02, 3.57876526e+02, 3.16835449e+02, 4.09707764e+02,
       3.18455139e+02, 4.60744812e+02, 3.19696350e+02, 1.33999893e+02,
       3.67838562e+02, 1.92240448e+02, 3.68509888e+02, 2.48881638e+02,
       3.69147217e+02, 3.04344360e+02, 3.70098236e+02, 3.58367798e+02,
       3.70771698e+02, 4.11468506e+02, 3.71573273e+02, 4.63215027e+02,
       3.72407837e+02, 1.48001358e+02, 1.07756134e+02, 1.95516846e+02,
       1.15195824e+02, 2.42433289e+02, 1.22599792e+02, 2.88622498e+02,
       1.29592468e+02, 3.34691284e+02, 1.36706482e+02, 3.79782501e+02,
       1.43954971e+02, 4.24619720e+02, 1.51111572e+02, 1.37781799e+02,
       1.51524658e+02, 1.86440750e+02, 1.59116196e+02, 2.34068848e+02,
       1.66480957e+02, 2.81276398e+02, 1.73691406e+02, 3.27579407e+02,
       1.80886063e+02, 3.73657440e+02, 1.87786438e+02, 4.18982025e+02,
       1.94937164e+02, 1.27259041e+02, 1.96147659e+02, 1.76701309e+02,
       2.03906677e+02, 2.25371765e+02, 2.11146545e+02, 2.73396759e+02,
       2.18321808e+02, 3.20638367e+02, 2.25395020e+02, 3.67416870e+02,
       2.32725159e+02, 4.13732635e+02, 2.39813873e+02, 1.16502327e+02,
       2.43012787e+02, 1.66807129e+02, 2.50188477e+02, 2.16585968e+02,
       2.57542938e+02, 2.65329620e+02, 2.64805511e+02, 3.13338135e+02,
       2.71723694e+02, 3.61084900e+02, 2.78663239e+02, 4.08225067e+02,
       2.85508850e+02, 1.05215256e+02, 2.91013611e+02, 1.56174088e+02,
       2.98085968e+02, 2.06650742e+02, 3.05449982e+02, 2.56334686e+02,
       3.12363037e+02, 3.05188538e+02, 3.19225067e+02, 3.53644836e+02,
       3.26386139e+02, 4.01571411e+02, 3.33346649e+02 ]
