606.147	604.519	327.468	227.706	0.265435	0.0907596
606.675	605.004	327.561	227.587	0.251951	0.0907049
606.691	605.019	327.577	227.58	0.251978	0.0907056
606.698	605.027	327.58	227.579	0.251954	0.090702
606.705	605.033	327.58	227.578	0.251957	0.0907013
606.698	605.026	327.58	227.581	0.251959	0.0907025
606.7	605.029	327.581	227.581	0.251959	0.0907024
606.698	605.026	327.58	227.581	0.251959	0.0907026
606.697	605.025	327.58	227.581	0.251959	0.0907027
606.703	605.031	327.581	227.58	0.251954	0.090702
606.698	605.026	327.58	227.581	0.25196	0.0907029
606.699	605.028	327.581	227.58	0.25196	0.0907028
606.7	605.028	327.581	227.581	0.25196	0.0907022
606.698	605.027	327.58	227.58	0.251959	0.0907024
606.698	605.026	327.58	227.58	0.251958	0.0907026
606.699	605.028	327.581	227.581	0.25196	0.0907024
606.698	605.026	327.58	227.581	0.251958	0.0907026
606.7	605.028	327.581	227.581	0.25196	0.0907024
606.698	605.026	327.58	227.581	0.251958	0.0907026
606.7	605.028	327.581	227.581	0.251959	0.0907024
606.698	605.026	327.58	227.581	0.25196	0.0907026
01832	0.0756176
6

122
